Store_0 0 673 242 95 867 729 399 729 283 223 867 375 54 489 65 144 546 5 493 582 606 194 586 606 960 792 128 457 863 982 54 39 381 654 993 438 453 187 741 725 178 651 827 927 921 344 364 83 701 2 592 626 994 627 796 448 305 530 711 697 557 963 449 908 826 463 682 323 792 548 649 381 554 153 732 702 547 528 325 437 470 737 88 154 239 730 766 548 593 598 485 58 341 463 130 93 905 997 472 622 487 615 91 681 204 787 32 934 862 82 788 68 615 2 53 398 485 637 911 355 
Store_1 673 0 151 367 291 699 821 50 276 140 537 698 553 748 411 316 771 902 221 639 78 869 442 566 975 276 543 542 512 487 951 549 66 323 434 153 393 78 367 437 660 726 592 732 802 1 15 678 171 507 131 96 89 553 725 936 973 971 38 397 149 466 425 591 142 878 153 128 285 611 363 102 821 511 320 233 366 899 954 603 128 25 815 257 480 214 168 715 523 393 965 627 224 631 768 298 916 37 258 499 758 176 195 716 69 143 62 645 649 899 574 44 6 663 365 340 319 889 669 511 
Store_2 242 151 0 796 411 148 581 372 411 105 727 778 569 561 987 291 515 391 90 906 594 210 824 353 500 433 982 568 815 7 694 314 656 544 130 514 59 420 876 741 674 303 917 969 787 368 580 685 770 338 307 5 948 578 591 952 43 18 475 676 191 657 982 503 41 473 56 169 405 681 912 236 55 848 685 697 850 179 567 772 789 712 264 682 184 81 833 464 749 131 264 168 571 419 124 710 803 961 616 435 217 529 70 896 988 895 776 713 434 663 405 37 544 52 100 999 606 317 82 568 
Store_3 95 367 796 0 733 100 599 692 723 854 523 916 173 823 551 164 673 70 782 399 889 392 229 628 200 568 348 884 771 666 28 493 283 626 967 678 658 806 301 560 991 620 667 80 309 15 988 643 134 168 830 253 884 257 740 136 207 903 724 871 280 347 617 602 925 673 341 103 297 345 66 577 424 715 563 687 790 480 505 481 287 987 629 259 432 197 757 75 667 214 419 114 756 566 230 530 100 155 654 607 374 264 427 875 863 275 101 697 612 917 909 33 613 848 82 999 783 143 377 450 
Store_4 867 291 411 733 0 961 538 838 514 132 511 748 359 313 43 90 187 338 556 544 34 72 550 264 869 202 880 516 898 353 661 523 828 455 906 398 105 975 335 971 593 146 142 835 86 273 11 552 921 7 792 60 876 159 518 707 190 103 904 735 200 845 109 946 293 946 461 359 956 433 488 70 477 852 232 860 25 467 892 966 955 267 475 932 728 514 714 610 449 680 826 716 967 156 94 72 851 255 142 841 877 248 163 250 982 676 315 574 652 33 359 565 279 777 780 64 377 204 876 307 
Store_5 729 699 148 100 961 0 164 621 719 432 466 139 253 96 105 442 177 907 540 715 897 618 895 395 732 764 783 265 345 110 843 38 375 589 983 396 322 350 803 445 297 410 272 760 728 547 762 405 322 665 665 900 79 844 99 215 159 659 978 255 97 590 829 893 517 707 332 8 720 912 205 418 381 343 93 410 261 160 10 52 494 266 763 286 115 140 957 928 970 156 221 135 167 216 818 347 920 584 34 936 912 217 37 183 923 595 5 947 441 127 559 353 535 410 27 14 685 557 759 468 
Store_6 399 821 581 599 538 164 0 904 389 565 956 676 570 379 462 37 948 460 78 540 552 715 457 311 184 694 834 417 598 585 218 533 628 564 132 403 217 392 960 162 815 624 830 712 763 979 826 402 454 363 55 712 631 799 228 882 369 182 183 720 938 436 837 716 352 184 579 872 340 488 295 230 507 599 139 689 762 63 912 410 194 377 230 327 692 550 136 174 728 503 701 454 156 688 561 742 135 713 437 403 449 977 530 999 250 159 879 711 713 718 66 829 242 483 61 344 878 417 43 984 
Store_7 729 50 372 692 838 621 904 0 960 736 32 297 689 271 975 8 689 837 799 400 961 964 53 188 285 971 367 898 157 61 236 507 217 52 916 361 857 809 668 651 887 851 982 417 806 332 469 780 558 310 40 762 843 975 588 284 257 117 472 411 88 105 733 496 305 747 834 453 415 75 286 673 221 343 84 529 45 770 322 885 956 30 410 886 860 126 837 886 403 576 813 459 497 316 611 87 565 983 402 199 128 798 883 482 189 805 264 413 294 198 562 284 103 434 479 838 551 255 516 502 
Store_8 283 276 411 723 514 719 389 960 0 797 303 640 292 598 253 639 585 153 644 190 211 287 708 680 596 980 25 692 268 612 751 187 289 380 345 178 158 173 659 467 899 109 522 198 307 663 450 323 637 678 859 571 296 811 904 531 315 24 284 834 996 712 155 898 115 602 288 251 809 925 522 438 786 449 47 819 285 299 790 814 95 325 539 404 426 511 983 571 531 209 57 420 727 557 58 306 664 433 826 31 908 789 341 519 588 704 231 908 745 173 158 145 667 529 845 340 38 892 350 873 
Store_9 223 140 105 854 132 432 565 736 797 0 827 683 49 942 275 689 539 390 47 929 651 497 733 433 959 688 163 237 818 669 999 13 580 777 523 156 449 198 127 819 988 868 470 18 58 290 986 351 791 268 771 214 814 344 532 900 727 112 154 382 856 143 471 357 608 773 750 946 131 792 562 778 711 321 778 83 470 964 935 322 904 800 525 711 775 331 461 941 503 886 998 161 763 834 276 32 952 403 843 298 734 937 29 592 417 248 745 863 129 841 377 310 836 513 209 789 93 677 581 258 
Store_10 867 537 727 523 511 466 956 32 303 827 0 702 110 165 349 333 393 798 72 753 266 774 893 737 826 187 644 871 139 648 996 591 333 551 7 818 340 843 686 802 579 743 278 434 203 608 356 205 287 361 56 823 678 696 838 83 971 478 770 893 573 759 226 426 898 750 731 330 835 424 964 67 24 83 507 275 303 709 586 401 817 487 510 251 418 900 311 575 522 997 130 342 122 454 309 661 592 847 12 347 50 825 598 296 627 526 310 700 75 775 730 132 568 384 259 251 217 728 465 838 
Store_11 375 698 778 916 748 139 676 297 640 683 702 0 162 562 587 522 494 752 570 941 699 539 761 978 465 474 803 568 902 360 382 580 401 261 891 177 57 733 430 258 849 579 2 149 242 471 919 415 381 340 730 430 130 926 386 399 319 665 504 267 388 391 984 30 957 287 449 781 644 300 704 70 679 431 380 780 610 257 996 572 474 196 829 160 31 636 334 16 645 797 473 961 86 574 954 350 672 748 878 691 397 224 608 148 425 905 585 281 395 303 608 279 98 726 274 484 744 297 174 691 
Store_12 54 553 569 173 359 253 570 689 292 49 110 162 0 193 944 742 257 40 653 61 607 715 810 937 14 919 32 371 90 51 549 670 504 239 325 729 383 623 456 4 908 116 962 952 721 197 215 715 438 216 879 904 269 44 934 782 347 390 335 267 383 731 955 862 737 733 675 240 820 358 693 748 148 577 779 241 583 120 426 856 969 948 867 92 670 566 789 878 446 603 342 330 930 836 250 146 867 309 552 118 972 368 709 845 657 989 867 709 329 304 901 618 910 294 922 135 498 537 570 253 
Store_13 489 748 561 823 313 96 379 271 598 942 165 562 193 0 290 497 115 19 561 827 664 698 757 476 999 247 91 18 365 308 176 608 727 573 866 437 396 387 153 49 421 484 988 525 520 415 591 521 176 975 736 727 641 373 577 803 844 351 22 483 390 695 139 586 593 427 192 902 307 413 232 248 911 116 263 543 534 88 633 502 142 555 955 951 361 180 435 689 826 319 594 139 60 21 207 942 860 179 51 662 412 843 23 532 270 287 814 746 568 950 473 374 888 31 220 709 146 690 120 990 
Store_14 65 411 987 551 43 105 462 975 253 275 349 587 944 290 0 102 348 119 284 159 85 597 474 771 164 295 359 367 632 325 629 602 982 732 50 505 381 587 369 841 43 489 918 164 698 174 887 948 452 552 375 311 346 905 542 568 586 674 460 286 419 480 892 732 762 442 156 46 676 723 935 672 102 884 941 349 637 16 600 399 685 235 853 309 62 329 585 664 872 688 932 623 401 449 381 602 526 98 749 20 773 796 724 990 51 475 588 718 477 459 498 390 142 709 491 383 778 495 279 95 
Store_15 144 316 291 164 90 442 37 8 639 689 333 522 742 497 102 0 955 383 268 598 911 921 542 715 496 487 8 820 481 116 957 421 893 398 222 473 322 522 752 653 670 793 600 773 588 140 462 298 974 172 413 920 665 847 52 280 520 963 281 634 928 960 72 978 865 103 655 796 879 80 537 152 797 922 787 86 962 697 584 329 246 882 805 911 491 503 626 457 774 676 466 725 527 585 412 517 713 492 221 439 738 243 489 416 349 876 845 204 378 397 758 216 358 959 471 480 121 927 481 711 
Store_16 546 771 515 673 187 177 948 689 585 539 393 494 257 115 348 955 0 916 630 728 527 300 925 924 516 779 954 161 141 699 543 715 396 167 484 11 490 109 901 24 943 806 221 748 931 570 749 866 396 924 929 206 243 234 404 346 619 890 968 750 258 534 472 345 208 221 972 576 186 628 410 123 540 899 445 245 234 654 835 99 503 96 845 62 392 244 138 658 105 483 151 210 955 963 648 755 993 950 352 394 827 775 189 22 108 913 97 442 77 339 174 580 831 736 911 359 107 656 712 52 
Store_17 5 902 391 70 338 907 460 837 153 390 798 752 40 19 119 383 916 0 804 355 215 41 168 402 40 801 957 733 257 991 924 89 124 91 924 819 195 60 669 504 157 528 260 573 161 283 561 308 631 994 258 117 201 433 835 610 702 135 74 436 547 76 560 208 264 199 956 557 382 243 246 272 93 603 2 168 911 627 316 76 466 839 440 547 320 244 797 891 137 932 537 940 668 459 441 430 136 142 414 975 667 491 395 178 686 803 771 740 892 941 567 388 833 504 171 340 231 623 763 205 
Store_18 493 221 90 782 556 540 78 799 644 47 72 570 653 561 284 268 630 804 0 146 612 480 186 593 661 329 325 429 743 841 490 318 4 378 903 44 388 256 559 599 870 253 203 199 288 526 508 504 353 689 442 210 220 994 773 144 110 592 526 193 541 35 12 843 878 467 700 209 499 800 646 272 199 158 92 662 165 463 146 499 687 244 831 714 358 691 188 269 685 134 850 568 135 419 384 425 334 108 816 803 694 213 700 698 267 621 103 170 91 361 431 443 623 231 149 334 407 579 772 894 
Store_19 582 639 906 399 544 715 540 400 190 929 753 941 61 827 159 598 728 355 146 0 177 186 891 408 39 581 289 306 39 913 887 910 860 225 95 762 868 936 698 228 783 892 568 79 513 384 727 987 524 195 592 127 815 324 790 200 844 257 922 908 754 400 211 37 195 538 88 104 288 915 191 772 360 93 674 344 856 252 282 312 822 767 589 162 237 794 44 551 919 874 556 917 979 104 232 801 571 904 791 263 239 608 3 567 763 329 736 764 407 227 686 755 21 482 92 450 986 145 794 125 
Store_20 606 78 594 889 34 897 552 961 211 651 266 699 607 664 85 911 527 215 612 177 0 981 872 902 486 291 290 664 81 811 655 950 41 68 723 518 38 141 896 107 336 460 165 409 929 719 929 335 537 882 516 582 756 211 4 924 293 840 196 385 51 815 871 921 374 470 672 74 733 195 115 625 959 39 189 340 802 446 507 587 284 929 521 557 376 666 673 696 311 422 716 650 236 529 411 145 699 141 123 971 404 200 12 170 349 244 637 275 174 119 872 874 231 622 867 38 169 936 974 616 
Store_21 194 869 210 392 72 618 715 964 287 497 774 539 715 698 597 921 300 41 480 186 981 0 240 256 616 836 197 839 277 532 681 223 336 173 864 104 800 626 507 239 633 916 600 652 318 45 316 389 648 379 945 1 788 396 842 471 778 783 786 396 860 664 307 43 50 633 14 182 841 895 275 813 526 564 843 69 112 692 320 49 458 182 321 688 870 175 310 58 831 912 290 240 807 33 627 131 538 284 67 469 334 221 239 863 351 727 483 322 283 838 674 321 327 89 965 396 807 70 447 320 
Store_22 586 442 824 229 550 895 457 53 708 733 893 761 810 757 474 542 925 168 186 891 872 240 0 773 417 772 230 614 489 413 413 628 783 816 909 814 611 198 597 322 704 374 968 373 948 809 531 810 81 675 674 709 257 881 714 755 784 426 551 840 776 472 312 936 107 121 832 251 625 270 389 495 843 106 456 952 375 200 124 852 86 920 472 93 583 749 875 527 525 90 853 786 421 754 233 50 23 97 593 225 558 509 319 313 858 563 69 220 866 803 740 400 484 798 615 273 489 909 273 190 
Store_23 606 566 353 628 264 395 311 188 680 433 737 978 937 476 771 715 924 402 593 408 902 256 773 0 823 964 358 631 83 803 117 890 381 574 385 812 111 653 548 292 697 542 589 651 787 162 387 888 494 469 142 446 150 874 149 922 228 903 880 16 454 303 413 946 630 656 362 606 434 190 791 78 500 720 868 603 270 770 238 978 78 411 752 415 209 124 997 994 282 740 239 694 19 540 245 55 807 553 942 561 848 593 589 747 647 692 200 538 642 141 327 565 976 173 746 527 137 441 796 460 
Store_24 960 975 500 200 869 732 184 285 596 959 826 465 14 999 164 496 516 40 661 39 486 616 417 823 0 186 666 437 336 680 371 548 793 931 545 111 241 773 563 183 322 44 909 383 162 483 944 418 542 394 770 256 724 807 790 361 456 264 886 650 788 933 405 412 155 290 28 237 221 180 153 678 995 654 153 317 122 561 854 574 963 681 362 782 970 382 34 836 429 607 771 736 684 588 858 423 636 409 444 397 430 690 652 452 133 806 173 183 971 796 644 552 862 264 928 401 314 826 459 787 
Store_25 792 276 433 568 202 764 694 971 980 688 187 474 919 247 295 487 779 801 329 581 291 836 772 964 186 0 687 632 283 226 632 575 279 301 670 654 702 684 643 77 291 805 673 368 417 536 993 279 964 443 913 416 819 116 763 481 530 685 511 726 333 290 159 610 1 288 136 310 635 612 796 936 173 699 181 99 108 172 52 284 779 653 88 88 622 221 403 666 923 135 919 59 141 459 116 573 160 396 956 375 231 600 600 361 182 538 887 284 946 710 386 345 665 767 651 642 288 476 436 781 
Store_26 128 543 982 348 880 783 834 367 25 163 644 803 32 91 359 8 954 957 325 289 290 197 230 358 666 687 0 524 657 348 603 481 877 137 616 564 690 496 372 741 707 71 250 652 796 768 853 41 275 193 67 339 64 509 647 174 752 908 164 303 637 825 826 254 358 663 634 877 15 855 248 878 609 398 244 888 731 659 346 18 478 552 105 444 932 977 915 765 460 488 994 571 86 345 369 377 641 612 701 492 700 592 657 740 412 879 367 471 98 513 795 242 286 699 615 857 493 651 576 23 
Store_27 457 542 568 884 516 265 417 898 692 237 871 568 371 18 367 820 161 733 429 306 664 839 614 631 437 632 524 0 327 231 251 109 185 166 705 533 899 925 74 850 653 463 597 92 371 597 874 360 636 128 588 179 280 836 605 437 259 427 330 551 390 533 859 102 468 1 386 988 573 700 321 612 670 129 951 944 316 450 165 248 872 199 681 464 171 537 404 976 846 551 568 269 467 72 460 525 64 759 517 708 197 815 366 287 384 654 439 521 325 671 391 867 377 916 379 272 564 973 812 420 
Store_28 863 512 815 771 898 345 598 157 268 818 139 902 90 365 632 481 141 257 743 39 81 277 489 83 336 283 657 327 0 925 916 319 312 681 642 807 616 345 393 286 908 688 434 716 232 940 659 896 652 890 76 133 642 497 377 574 638 588 882 383 803 457 611 298 280 377 272 345 971 716 205 95 540 309 248 635 730 682 524 76 670 365 832 990 920 420 949 575 682 159 524 868 654 865 427 59 898 615 261 418 802 119 262 214 330 716 62 535 306 990 699 936 50 614 708 901 793 681 297 699 
Store_29 982 487 7 666 353 110 585 61 612 669 648 360 51 308 325 116 699 991 841 913 811 532 413 803 680 226 348 231 925 0 772 981 344 149 301 275 525 579 719 66 151 658 885 692 644 766 596 59 250 405 63 461 242 740 836 944 899 25 943 999 361 127 600 369 654 643 795 773 9 901 76 349 221 446 934 418 579 910 502 355 235 772 855 474 819 219 660 101 811 508 510 307 149 106 601 434 711 812 564 620 517 807 389 332 534 539 650 353 101 952 74 319 347 700 665 701 134 682 968 518 
Store_30 54 951 694 28 661 843 218 236 751 999 996 382 549 176 629 957 543 924 490 887 655 681 413 117 371 632 603 251 916 772 0 168 425 391 78 78 3 33 302 525 945 693 45 78 266 699 767 576 195 783 839 433 187 228 594 916 314 902 7 811 891 290 402 443 544 472 572 349 847 247 839 543 741 826 416 317 442 457 961 183 765 867 470 191 452 685 343 466 777 362 841 366 760 558 440 508 602 784 250 215 147 581 200 995 712 505 452 527 274 779 416 949 346 818 984 637 938 518 334 487 
Store_31 39 549 314 493 523 38 533 507 187 13 591 580 670 608 602 421 715 89 318 910 950 223 628 890 548 575 481 109 319 981 168 0 109 530 316 575 243 872 87 308 85 504 628 992 448 78 832 427 693 560 891 161 528 665 69 613 25 792 411 261 680 244 420 246 279 388 768 321 171 541 767 40 664 32 941 482 358 502 808 773 580 694 138 228 751 451 589 629 376 599 90 569 811 732 354 49 323 610 480 797 458 896 55 514 318 852 927 495 874 318 476 616 486 527 867 881 414 194 783 8 
Store_32 381 66 656 283 828 375 628 217 289 580 333 401 504 727 982 893 396 124 4 860 41 336 783 381 793 279 877 185 312 344 425 109 0 648 529 98 549 588 195 843 139 8 220 254 390 802 710 519 990 207 257 388 320 18 995 196 77 840 946 83 343 352 706 301 89 340 896 293 269 175 26 845 731 752 635 590 610 16 14 516 668 406 378 216 276 768 111 83 83 452 807 972 547 598 229 979 400 957 112 427 312 671 994 480 680 469 213 181 710 767 411 247 169 923 360 602 973 602 787 517 
Store_33 654 323 544 626 455 589 564 52 380 777 551 261 239 573 732 398 167 91 378 225 68 173 816 574 931 301 137 166 681 149 391 530 648 0 704 527 806 334 622 314 543 305 881 648 43 633 352 276 698 898 323 47 270 385 625 774 299 313 435 65 41 402 609 218 488 855 675 505 954 3 875 682 625 574 504 82 56 273 592 722 843 670 916 292 796 773 725 831 560 675 27 33 16 711 708 933 743 466 460 165 668 647 925 391 928 889 953 612 96 955 746 846 156 956 253 451 201 925 671 448 
Store_34 993 434 130 967 906 983 132 916 345 523 7 891 325 866 50 222 484 924 903 95 723 864 909 385 545 670 616 705 642 301 78 316 529 704 0 746 415 831 182 328 313 632 188 353 221 61 76 479 756 961 583 80 329 417 97 514 990 420 437 585 746 186 969 873 153 153 19 863 892 487 940 464 874 931 16 245 931 57 191 341 663 186 839 741 67 310 25 987 543 533 337 582 789 297 145 793 621 751 58 764 290 22 485 934 201 743 407 529 929 425 382 676 933 631 806 190 952 802 17 39 
Store_35 438 153 514 678 398 396 403 361 178 156 818 177 729 437 505 473 11 819 44 762 518 104 814 812 111 654 564 533 807 275 78 575 98 527 746 0 930 388 256 202 414 68 766 533 526 156 661 627 939 249 181 594 516 357 114 325 2 146 372 520 353 539 112 70 170 713 619 486 231 633 164 146 621 324 308 869 265 12 601 313 353 97 235 836 176 96 811 104 214 593 756 746 296 383 487 265 820 85 604 92 710 171 481 230 199 489 850 368 219 858 949 617 201 374 590 90 193 617 639 368 
Store_36 453 393 59 658 105 322 217 857 158 449 340 57 383 396 381 322 490 195 388 868 38 800 611 111 241 702 690 899 616 525 3 243 549 806 415 930 0 378 145 708 22 519 653 490 103 992 962 454 386 995 536 590 892 424 366 972 283 820 29 461 879 386 506 935 211 320 601 818 400 807 679 522 113 497 222 996 429 593 987 316 164 802 212 444 459 620 752 399 271 942 560 494 356 203 953 20 716 905 784 272 481 590 221 215 463 191 88 855 788 275 228 731 992 546 102 44 416 4 720 18 
Store_37 187 78 420 806 975 350 392 809 173 198 843 733 623 387 587 522 109 60 256 936 141 626 198 653 773 684 496 925 345 579 33 872 588 334 831 388 378 0 334 417 857 840 13 776 921 269 388 631 414 136 956 437 566 123 617 194 114 621 391 828 89 126 89 609 291 300 860 281 158 222 233 193 741 495 337 110 337 428 672 733 58 834 554 203 193 743 134 339 264 115 336 82 725 220 950 556 51 202 138 501 817 220 434 181 835 94 904 456 462 36 454 944 821 797 579 229 323 510 788 352 
Store_38 741 367 876 301 335 803 960 668 659 127 686 430 456 153 369 752 901 669 559 698 896 507 597 548 563 643 372 74 393 719 302 87 195 622 182 256 145 334 0 747 400 746 985 156 299 922 812 290 956 775 396 512 660 94 150 228 817 562 415 872 266 824 220 493 583 674 109 407 562 880 898 311 22 697 644 534 34 84 614 970 108 177 393 526 636 304 741 267 399 281 474 321 263 995 757 370 208 836 123 196 885 933 446 625 450 389 966 900 706 57 527 684 949 762 529 273 5 388 4 116 
Store_39 725 437 741 560 971 445 162 651 467 819 802 258 4 49 841 653 24 504 599 228 107 239 322 292 183 77 741 850 286 66 525 308 843 314 328 202 708 417 747 0 74 955 74 654 461 986 653 765 881 301 659 317 257 213 287 391 121 123 381 751 977 870 255 479 616 714 791 663 552 691 429 993 3 942 162 356 657 590 699 861 382 5 327 953 474 637 964 62 847 611 35 243 512 457 886 816 601 892 41 819 165 170 934 301 943 105 309 436 189 793 683 696 564 6 875 710 790 107 72 67 
Store_40 178 660 674 991 593 297 815 887 899 988 579 849 908 421 43 670 943 157 870 783 336 633 704 697 322 291 707 653 908 151 945 85 139 543 313 414 22 857 400 74 0 638 561 942 398 682 202 832 273 558 500 648 374 812 652 543 315 537 574 910 510 796 510 125 938 64 794 838 390 475 495 684 36 469 433 439 733 442 976 520 595 74 774 179 391 162 536 945 322 19 753 70 769 504 897 649 497 539 4 100 899 613 319 247 826 479 322 744 795 154 935 29 94 849 703 10 2 411 495 503 
Store_41 651 726 303 620 146 410 624 851 109 868 743 579 116 484 489 793 806 528 253 892 460 916 374 542 44 805 71 463 688 658 693 504 8 305 632 68 519 840 746 955 638 0 762 911 610 416 39 657 849 68 749 456 812 945 717 599 535 260 117 390 911 538 986 243 116 224 977 196 642 335 5 596 902 21 812 759 336 756 273 718 208 120 225 227 696 688 220 829 421 855 90 72 653 658 961 986 452 684 851 306 87 113 115 869 110 321 381 262 163 816 580 726 152 633 452 290 55 676 585 406 
Store_42 827 592 917 667 142 272 830 982 522 470 278 2 962 988 918 600 221 260 203 568 165 600 968 589 909 673 250 597 434 885 45 628 220 881 188 766 653 13 985 74 561 762 0 182 135 829 768 420 650 63 864 378 383 332 876 335 767 467 344 39 786 298 580 398 75 537 700 166 327 256 205 121 738 103 632 318 469 98 3 478 27 477 992 533 78 794 795 910 23 135 936 994 108 730 640 925 142 297 862 49 897 807 36 5 964 674 332 730 772 659 47 720 230 412 442 141 258 687 136 994 
Store_43 927 732 969 80 835 760 712 417 198 18 434 149 952 525 164 773 748 573 199 79 409 652 373 651 383 368 652 92 716 692 78 992 254 648 353 533 490 776 156 654 942 911 182 0 57 653 661 584 152 410 568 331 367 754 618 335 755 379 766 571 707 658 117 767 894 992 628 926 866 982 332 158 545 555 565 899 219 754 10 817 37 343 888 900 678 744 949 940 196 476 618 929 428 233 508 386 334 460 469 888 516 150 833 621 642 738 873 276 480 129 246 3 174 330 86 867 264 859 721 886 
Store_44 921 802 787 309 86 728 763 806 307 58 203 242 721 520 698 588 931 161 288 513 929 318 948 787 162 417 796 371 232 644 266 448 390 43 221 526 103 921 299 461 398 610 135 57 0 62 764 760 690 656 109 383 847 567 350 226 276 530 656 507 175 277 115 915 507 159 773 200 611 518 122 968 943 471 216 245 147 539 815 984 616 773 593 742 532 297 700 367 774 940 387 524 821 344 611 548 972 979 970 136 582 932 233 251 57 94 641 598 268 337 402 475 571 502 160 242 560 181 743 960 
Store_45 344 1 368 15 273 547 979 332 663 290 608 471 197 415 174 140 570 283 526 384 719 45 809 162 483 536 768 597 940 766 699 78 802 633 61 156 992 269 922 986 682 416 829 653 62 0 963 546 509 694 143 829 647 134 368 809 280 828 887 925 426 198 133 486 410 797 665 415 693 336 586 774 351 977 416 56 508 880 940 667 995 369 735 646 636 16 864 450 443 970 32 596 499 499 85 176 525 725 607 939 316 160 370 314 361 267 905 40 788 246 767 921 941 687 805 157 532 118 74 260 
Store_46 364 15 580 988 11 762 826 469 450 986 356 919 215 591 887 462 749 561 508 727 929 316 531 387 944 993 853 874 659 596 767 832 710 352 76 661 962 388 812 653 202 39 768 661 764 963 0 155 692 158 417 246 649 675 906 699 32 527 814 47 457 71 315 795 478 741 593 398 595 111 953 421 9 895 149 902 136 138 77 175 537 711 942 951 264 325 149 45 518 898 252 483 546 202 956 529 865 716 727 510 941 299 343 244 282 287 921 715 394 428 332 743 519 403 610 237 876 908 62 149 
Store_47 83 678 685 643 552 405 402 780 323 351 205 415 715 521 948 298 866 308 504 987 335 389 810 888 418 279 41 360 896 59 576 427 519 276 479 627 454 631 290 765 832 657 420 584 760 546 155 0 84 755 267 498 314 836 888 890 488 901 27 280 348 1 332 989 695 976 273 832 128 722 541 191 823 157 498 994 300 961 624 136 401 891 743 966 3 79 712 647 93 379 544 712 40 701 834 659 13 490 3 358 628 829 990 279 276 398 15 376 834 290 801 430 469 678 384 989 894 106 403 351 
Store_48 701 171 770 134 921 322 454 558 637 791 287 381 438 176 452 974 396 631 353 524 537 648 81 494 542 964 275 636 652 250 195 693 990 698 756 939 386 414 956 881 273 849 650 152 690 509 692 84 0 809 620 483 937 786 274 170 466 35 109 57 227 497 505 996 18 50 666 982 489 202 957 162 661 902 913 771 75 550 46 722 899 239 25 812 576 384 342 324 941 179 371 171 402 472 320 441 67 267 380 941 81 81 169 941 205 338 526 937 161 136 29 478 256 232 384 447 408 968 737 92 
Store_49 2 507 338 168 7 665 363 310 678 268 361 340 216 975 552 172 924 994 689 195 882 379 675 469 394 443 193 128 890 405 783 560 207 898 961 249 995 136 775 301 558 68 63 410 656 694 158 755 809 0 24 761 114 582 30 350 28 358 789 239 25 246 403 329 757 149 498 363 437 759 974 965 474 562 493 4 44 549 957 149 875 63 367 660 255 960 454 403 645 328 553 953 889 573 64 932 159 119 109 780 351 331 228 593 245 329 922 587 323 836 534 408 506 583 881 846 59 131 56 961 
Store_50 592 131 307 830 792 665 55 40 859 771 56 730 879 736 375 413 929 258 442 592 516 945 674 142 770 913 67 588 76 63 839 891 257 323 583 181 536 956 396 659 500 749 864 568 109 143 417 267 620 24 0 903 788 432 166 19 911 900 399 303 386 860 988 789 885 775 279 965 851 523 283 173 538 622 325 574 147 773 862 476 416 556 83 629 759 433 137 924 519 688 872 240 726 184 447 457 65 989 255 275 544 416 9 125 550 138 470 982 644 729 316 540 810 673 135 434 601 973 574 829 
Store_51 626 96 5 253 60 900 712 762 571 214 823 430 904 727 311 920 206 117 210 127 582 1 709 446 256 416 339 179 133 461 433 161 388 47 80 594 590 437 512 317 648 456 378 331 383 829 246 498 483 761 903 0 243 901 938 123 926 149 196 513 55 528 523 438 788 963 708 120 202 60 995 465 292 375 455 207 167 988 562 153 870 632 819 699 523 585 909 647 594 98 928 521 814 478 14 723 773 966 881 147 940 625 59 954 602 70 312 750 228 576 597 422 976 84 482 30 169 973 920 557 
Store_52 994 89 948 884 876 79 631 843 296 814 678 130 269 641 346 665 243 201 220 815 756 788 257 150 724 819 64 280 642 242 187 528 320 270 329 516 892 566 660 257 374 812 383 367 847 647 649 314 937 114 788 243 0 13 76 276 321 826 206 743 988 678 330 790 283 70 48 183 749 408 1 120 141 258 557 840 487 199 935 468 757 813 92 939 178 250 530 19 629 137 641 993 342 138 679 173 820 405 235 493 929 402 405 834 403 325 425 251 831 510 31 755 621 610 537 722 890 812 153 412 
Store_53 627 553 578 257 159 844 799 975 811 344 696 926 44 373 905 847 234 433 994 324 211 396 881 874 807 116 509 836 497 740 228 665 18 385 417 357 424 123 94 213 812 945 332 754 567 134 675 836 786 582 432 901 13 0 209 716 496 233 149 824 467 533 272 694 852 604 255 168 270 921 687 421 163 707 191 890 616 548 649 300 380 427 159 526 410 293 948 465 33 67 687 845 286 623 400 214 441 310 152 374 191 2 160 402 537 86 520 286 577 778 674 611 390 133 686 56 890 699 495 350 
Store_54 796 725 591 740 518 99 228 588 904 532 838 386 934 577 542 52 404 835 773 790 4 842 714 149 790 763 647 605 377 836 594 69 995 625 97 114 366 617 150 287 652 717 876 618 350 368 906 888 274 30 166 938 76 209 0 735 335 977 141 416 505 180 757 846 318 814 375 62 136 323 427 38 104 928 717 254 953 527 561 944 879 543 615 247 456 531 894 293 981 289 681 960 401 883 471 838 309 895 411 414 313 755 34 888 222 420 780 169 789 997 588 273 509 686 662 62 371 579 973 593 
Store_55 448 936 952 136 707 215 882 284 531 900 83 399 782 803 568 280 346 610 144 200 924 471 755 922 361 481 174 437 574 944 916 613 196 774 514 325 972 194 228 391 543 599 335 335 226 809 699 890 170 350 19 123 276 716 735 0 888 405 523 994 91 139 944 65 1 83 742 587 390 677 712 524 606 883 643 890 346 187 434 528 425 493 911 326 714 899 663 200 954 954 536 834 685 528 12 474 305 88 976 58 109 789 581 726 439 474 711 8 224 735 353 322 578 783 145 559 737 613 968 237 
Store_56 305 973 43 207 190 159 369 257 315 727 971 319 347 844 586 520 619 702 110 844 293 778 784 228 456 530 752 259 638 899 314 25 77 299 990 2 283 114 817 121 315 535 767 755 276 280 32 488 466 28 911 926 321 496 335 888 0 823 519 260 155 640 395 813 772 912 391 896 527 285 401 498 73 701 218 921 329 966 897 169 964 794 870 395 373 604 933 730 73 721 259 855 583 930 845 286 649 102 119 76 857 913 82 621 208 606 605 168 908 535 371 61 142 84 1 217 717 643 341 437 
Store_57 530 971 18 903 103 659 182 117 24 112 478 665 390 351 674 963 890 135 592 257 840 783 426 903 264 685 908 427 588 25 902 792 840 313 420 146 820 621 562 123 537 260 467 379 530 828 527 901 35 358 900 149 826 233 977 405 823 0 100 525 989 762 76 644 635 591 200 255 363 672 461 330 482 215 413 73 123 856 926 155 358 540 751 978 453 392 101 168 821 341 621 488 370 779 921 243 357 461 769 599 820 306 278 251 232 96 253 130 19 97 452 612 394 848 311 536 387 93 962 616 
Store_58 711 38 475 724 904 978 183 472 284 154 770 504 335 22 460 281 968 74 526 922 196 786 551 880 886 511 164 330 882 943 7 411 946 435 437 372 29 391 415 381 574 117 344 766 656 887 814 27 109 789 399 196 206 149 141 523 519 100 0 692 639 246 795 559 898 3 520 569 996 496 812 692 447 339 336 729 414 595 361 202 702 852 671 860 233 811 415 474 355 391 262 12 367 108 183 492 947 645 322 633 979 220 846 642 791 785 477 174 387 945 155 937 521 607 91 103 982 409 909 513 
Store_59 697 397 676 871 735 255 720 411 834 382 893 267 267 483 286 634 750 436 193 908 385 396 840 16 650 726 303 551 383 999 811 261 83 65 585 520 461 828 872 751 910 390 39 571 507 925 47 280 57 239 303 513 743 824 416 994 260 525 692 0 451 772 523 139 939 339 135 702 361 861 308 772 799 106 475 556 103 297 863 882 246 120 682 761 477 643 15 357 282 297 443 355 823 327 968 784 822 154 646 13 749 205 287 125 423 113 478 828 990 310 390 850 387 743 681 699 633 240 283 756 
Store_60 557 149 191 280 200 97 938 88 996 856 573 388 383 390 419 928 258 547 541 754 51 860 776 454 788 333 637 390 803 361 891 680 343 41 746 353 879 89 266 977 510 911 786 707 175 426 457 348 227 25 386 55 988 467 505 91 155 989 639 451 0 452 717 184 566 252 410 953 899 880 965 782 603 80 16 220 165 726 645 122 441 288 333 252 46 602 23 155 951 244 540 511 542 256 404 976 605 966 454 108 28 257 392 365 154 20 696 573 847 712 269 154 392 991 311 294 94 366 244 533 
Store_61 963 466 657 347 845 590 436 105 712 143 759 391 731 695 480 960 534 76 35 400 815 664 472 303 933 290 825 533 457 127 290 244 352 402 186 539 386 126 824 870 796 538 298 658 277 198 71 1 497 246 860 528 678 533 180 139 640 762 246 772 452 0 289 832 538 126 52 315 892 126 331 743 83 518 678 494 242 233 166 518 804 130 803 95 760 934 942 580 452 281 975 513 80 496 979 411 244 861 967 334 969 467 635 66 736 851 727 782 468 300 230 368 51 832 569 332 882 641 933 118 
Store_62 449 425 982 617 109 829 837 733 155 471 226 984 955 139 892 72 472 560 12 211 871 307 312 413 405 159 826 859 611 600 402 420 706 609 969 112 506 89 220 255 510 986 580 117 115 133 315 332 505 403 988 523 330 272 757 944 395 76 795 523 717 289 0 729 505 935 532 187 111 920 594 159 481 444 376 28 593 239 675 319 712 520 732 181 730 637 874 811 207 717 767 524 768 639 823 884 987 464 936 262 624 927 374 773 721 359 292 646 503 414 693 44 342 921 547 365 578 62 948 973 
Store_63 908 591 503 602 946 893 716 496 898 357 426 30 862 586 732 978 345 208 843 37 921 43 936 946 412 610 254 102 298 369 443 246 301 218 873 70 935 609 493 479 125 243 398 767 915 486 795 989 996 329 789 438 790 694 846 65 813 644 559 139 184 832 729 0 882 730 323 280 581 96 584 129 491 452 412 426 881 645 988 852 992 297 452 963 270 710 350 638 299 872 415 819 173 420 583 456 605 347 173 525 107 253 655 440 252 425 229 567 620 166 20 857 603 91 779 141 419 365 275 878 
Store_64 826 142 41 925 293 517 352 305 115 608 898 957 737 593 762 865 208 264 878 195 374 50 107 630 155 1 358 468 280 654 544 279 89 488 153 170 211 291 583 616 938 116 75 894 507 410 478 695 18 757 885 788 283 852 318 1 772 635 898 939 566 538 505 882 0 765 171 87 333 646 438 592 621 557 803 716 523 801 341 866 160 486 108 208 849 332 298 93 850 595 125 249 585 736 966 754 856 965 673 311 384 248 609 314 929 16 422 469 154 224 477 762 614 692 39 139 154 810 652 448 
Store_65 463 878 473 673 946 707 184 747 602 773 750 287 733 427 442 103 221 199 467 538 470 633 121 656 290 288 663 1 377 643 472 388 340 855 153 713 320 300 674 714 64 224 537 992 159 797 741 976 50 149 775 963 70 604 814 83 912 591 3 339 252 126 935 730 765 0 560 536 422 943 27 246 825 909 72 919 124 475 253 759 765 620 770 294 319 163 945 322 606 592 36 522 407 631 872 256 867 531 814 767 384 589 743 716 732 289 674 907 933 999 893 265 728 677 272 599 793 327 493 69 
Store_66 682 153 56 341 461 332 579 834 288 750 731 449 675 192 156 655 972 956 700 88 672 14 832 362 28 136 634 386 272 795 572 768 896 675 19 619 601 860 109 791 794 977 700 628 773 665 593 273 666 498 279 708 48 255 375 742 391 200 520 135 410 52 532 323 171 560 0 307 768 767 176 485 513 474 804 149 703 782 328 614 509 62 681 138 693 766 363 780 313 806 495 728 52 984 474 715 601 985 837 718 551 227 681 438 527 557 192 269 275 614 642 509 485 63 358 283 661 58 413 868 
Store_67 323 128 169 103 359 8 872 453 251 946 330 781 240 902 46 796 576 557 209 104 74 182 251 606 237 310 877 988 345 773 349 321 293 505 863 486 818 281 407 663 838 196 166 926 200 415 398 832 982 363 965 120 183 168 62 587 896 255 569 702 953 315 187 280 87 536 307 0 902 689 642 346 148 949 15 666 325 835 220 540 443 440 507 882 615 946 380 313 110 775 706 527 601 928 963 189 218 132 192 704 926 200 598 24 95 266 85 846 655 766 240 414 911 16 804 911 750 466 67 891 
Store_68 792 285 405 297 956 720 340 415 809 131 835 644 820 307 676 879 186 382 499 288 733 841 625 434 221 635 15 573 971 9 847 171 269 954 892 231 400 158 562 552 390 642 327 866 611 693 595 128 489 437 851 202 749 270 136 390 527 363 996 361 899 892 111 581 333 422 768 902 0 824 326 59 475 4 947 394 190 257 472 395 685 483 685 662 173 713 7 713 173 816 777 537 904 40 731 705 376 71 731 2 245 960 878 816 379 342 466 358 143 656 145 670 204 591 248 422 657 85 45 700 
Store_69 548 611 681 345 433 912 488 75 925 792 424 300 358 413 723 80 628 243 800 915 195 895 270 190 180 612 855 700 716 901 247 541 175 3 487 633 807 222 880 691 475 335 256 982 518 336 111 722 202 759 523 60 408 921 323 677 285 672 496 861 880 126 920 96 646 943 767 689 824 0 375 501 888 768 954 64 239 506 882 436 579 874 601 208 365 906 346 708 28 383 608 548 186 743 975 509 400 480 35 293 851 202 24 368 503 191 165 744 693 928 726 261 17 784 247 331 955 134 131 3 
Store_70 649 363 912 66 488 205 295 286 522 562 964 704 693 232 935 537 410 246 646 191 115 275 389 791 153 796 248 321 205 76 839 767 26 875 940 164 679 233 898 429 495 5 205 332 122 586 953 541 957 974 283 995 1 687 427 712 401 461 812 308 965 331 594 584 438 27 176 642 326 375 0 926 517 622 774 976 114 61 804 463 692 883 86 452 660 21 660 209 429 819 317 636 676 301 951 628 78 368 966 724 512 38 725 364 631 659 232 449 498 244 885 983 636 455 23 358 791 686 705 110 
Store_71 381 102 236 577 70 418 230 673 438 778 67 70 748 248 672 152 123 272 272 772 625 813 495 78 678 936 878 612 95 349 543 40 845 682 464 146 522 193 311 993 684 596 121 158 968 774 421 191 162 965 173 465 120 421 38 524 498 330 692 772 782 743 159 129 592 246 485 346 59 501 926 0 553 53 401 788 668 593 313 619 654 298 565 774 188 178 830 572 163 365 226 261 571 915 999 344 898 295 189 375 255 184 68 557 937 364 947 111 552 969 242 660 932 159 354 714 54 388 848 416 
Store_72 554 821 55 424 477 381 507 221 786 711 24 679 148 911 102 797 540 93 199 360 959 526 843 500 995 173 609 670 540 221 741 664 731 625 874 621 113 741 22 3 36 902 738 545 943 351 9 823 661 474 538 292 141 163 104 606 73 482 447 799 603 83 481 491 621 825 513 148 475 888 517 553 0 513 328 150 412 994 94 692 761 26 144 30 977 846 969 543 693 272 43 411 639 883 485 15 34 823 14 731 111 960 933 878 690 841 912 481 238 194 633 738 976 548 127 439 812 821 710 908 
Store_73 153 511 848 715 852 343 599 343 449 321 83 431 577 116 884 922 899 603 158 93 39 564 106 720 654 699 398 129 309 446 826 32 752 574 931 324 497 495 697 942 469 21 103 555 471 977 895 157 902 562 622 375 258 707 928 883 701 215 339 106 80 518 444 452 557 909 474 949 4 768 622 53 513 0 308 218 441 974 562 883 263 990 322 407 987 114 26 745 119 506 10 472 830 791 544 683 425 248 461 16 221 240 643 136 422 699 437 518 732 261 102 144 715 878 242 722 913 32 145 974 
Store_74 732 320 685 563 232 93 139 84 47 778 507 380 779 263 941 787 445 2 92 674 189 843 456 868 153 181 244 951 248 934 416 941 635 504 16 308 222 337 644 162 433 812 632 565 216 416 149 498 913 493 325 455 557 191 717 643 218 413 336 475 16 678 376 412 803 72 804 15 947 954 774 401 328 308 0 315 689 555 814 631 78 699 456 772 93 683 758 703 88 576 853 282 364 25 986 165 127 633 923 918 883 467 420 103 173 366 457 548 253 539 665 681 977 899 631 517 940 403 806 342 
Store_75 702 233 697 687 860 410 689 529 819 83 275 780 241 543 349 86 245 168 662 344 340 69 952 603 317 99 888 944 635 418 317 482 590 82 245 869 996 110 534 356 439 759 318 899 245 56 902 994 771 4 574 207 840 890 254 890 921 73 729 556 220 494 28 426 716 919 149 666 394 64 976 788 150 218 315 0 477 830 727 131 290 335 581 296 933 557 93 244 542 993 394 595 56 113 922 972 387 116 134 453 592 341 421 26 609 828 22 941 728 561 212 817 647 824 326 700 10 211 89 675 
Store_76 547 366 850 790 25 261 762 45 285 470 303 610 583 534 637 962 234 911 165 856 802 112 375 270 122 108 731 316 730 579 442 358 610 56 931 265 429 337 34 657 733 336 469 219 147 508 136 300 75 44 147 167 487 616 953 346 329 123 414 103 165 242 593 881 523 124 703 325 190 239 114 668 412 441 689 477 0 443 806 687 991 365 597 259 908 218 577 798 578 594 27 823 893 189 676 472 132 502 478 575 194 231 83 316 220 359 472 545 713 630 98 376 66 667 908 924 288 445 559 643 
Store_77 528 899 179 480 467 160 63 770 299 964 709 257 120 88 16 697 654 627 463 252 446 692 200 770 561 172 659 450 682 910 457 502 16 273 57 12 593 428 84 590 442 756 98 754 539 880 138 961 550 549 773 988 199 548 527 187 966 856 595 297 726 233 239 645 801 475 782 835 257 506 61 593 994 974 555 830 443 0 685 974 902 322 296 891 385 167 168 182 806 835 385 111 790 883 553 532 532 899 952 897 27 321 647 886 45 277 861 805 120 95 548 204 754 186 453 941 940 645 540 757 
Store_78 325 954 567 505 892 10 912 322 790 935 586 996 426 633 600 584 835 316 146 282 507 320 124 238 854 52 346 165 524 502 961 808 14 592 191 601 987 672 614 699 976 273 3 10 815 940 77 624 46 957 862 562 935 649 561 434 897 926 361 863 645 166 675 988 341 253 328 220 472 882 804 313 94 562 814 727 806 685 0 316 614 719 477 157 379 960 747 577 712 517 635 505 23 5 778 217 991 652 790 519 540 706 32 756 621 408 232 699 600 249 149 5 875 803 356 129 707 865 300 297 
Store_79 437 603 772 481 966 52 410 885 814 322 401 572 856 502 399 329 99 76 499 312 587 49 852 978 574 284 18 248 76 355 183 773 516 722 341 313 316 733 970 861 520 718 478 817 984 667 175 136 722 149 476 153 468 300 944 528 169 155 202 882 122 518 319 852 866 759 614 540 395 436 463 619 692 883 631 131 687 974 316 0 243 602 537 363 906 497 108 245 121 296 530 311 210 880 417 16 242 133 713 832 236 632 329 703 988 101 733 909 193 322 400 854 539 44 301 674 305 732 444 631 
Store_80 470 128 789 287 955 494 194 956 95 904 817 474 969 142 685 246 503 466 687 822 284 458 86 78 963 779 478 872 670 235 765 580 668 843 663 353 164 58 108 382 595 208 27 37 616 995 537 401 899 875 416 870 757 380 879 425 964 358 702 246 441 804 712 992 160 765 509 443 685 579 692 654 761 263 78 290 991 902 614 243 0 764 382 275 286 299 386 91 814 671 791 969 383 503 212 303 170 802 348 956 384 771 473 277 446 427 948 939 204 713 864 947 329 697 204 329 13 993 222 142 
Store_81 737 25 712 987 267 266 377 30 325 800 487 196 948 555 235 882 96 839 244 767 929 182 920 411 681 653 552 199 365 772 867 694 406 670 186 97 802 834 177 5 74 120 477 343 773 369 711 891 239 63 556 632 813 427 543 493 794 540 852 120 288 130 520 297 486 620 62 440 483 874 883 298 26 990 699 335 365 322 719 602 764 0 556 340 987 700 133 908 123 480 135 69 933 798 446 506 187 836 885 130 390 16 702 337 517 862 429 895 394 546 361 313 860 874 790 539 392 192 590 558 
Store_82 88 815 264 629 475 763 230 410 539 525 510 829 867 955 853 805 845 440 831 589 521 321 472 752 362 88 105 681 832 855 470 138 378 916 839 235 212 554 393 327 774 225 992 888 593 735 942 743 25 367 83 819 92 159 615 911 870 751 671 682 333 803 732 452 108 770 681 507 685 601 86 565 144 322 456 581 597 296 477 537 382 556 0 458 581 378 579 842 830 796 582 843 356 479 496 579 681 893 6 418 474 292 721 276 470 328 739 713 38 279 670 313 483 934 694 708 104 341 71 371 
Store_83 154 257 682 259 932 286 327 886 404 711 251 160 92 951 309 911 62 547 714 162 557 688 93 415 782 88 444 464 990 474 191 228 216 292 741 836 444 203 526 953 179 227 533 900 742 646 951 966 812 660 629 699 939 526 247 326 395 978 860 761 252 95 181 963 208 294 138 882 662 208 452 774 30 407 772 296 259 891 157 363 275 340 458 0 605 356 317 260 810 195 285 520 646 488 129 377 363 326 872 40 562 600 607 33 489 432 184 188 453 868 788 984 914 363 572 439 287 716 248 368 
Store_84 239 480 184 432 728 115 692 860 426 775 418 31 670 361 62 491 392 320 358 237 376 870 583 209 970 622 932 171 920 819 452 751 276 796 67 176 459 193 636 474 391 696 78 678 532 636 264 3 576 255 759 523 178 410 456 714 373 453 233 477 46 760 730 270 849 319 693 615 173 365 660 188 977 987 93 933 908 385 379 906 286 987 581 605 0 408 865 636 749 776 983 613 279 929 294 849 695 668 245 51 883 844 871 285 955 628 46 698 963 491 276 960 958 487 643 507 436 641 120 605 
Store_85 730 214 81 197 514 140 550 126 511 331 900 636 566 180 329 503 244 244 691 794 666 175 749 124 382 221 977 537 420 219 685 451 768 773 310 96 620 743 304 637 162 688 794 744 297 16 325 79 384 960 433 585 250 293 531 899 604 392 811 643 602 934 637 710 332 163 766 946 713 906 21 178 846 114 683 557 218 167 960 497 299 700 378 356 408 0 215 47 375 754 992 797 179 755 106 577 842 969 854 664 425 200 992 524 729 801 552 321 51 205 508 175 769 846 505 209 882 7 850 739 
Store_86 766 168 833 757 714 957 136 837 983 461 311 334 789 435 585 626 138 797 188 44 673 310 875 997 34 403 915 404 949 660 343 589 111 725 25 811 752 134 741 964 536 220 795 949 700 864 149 712 342 454 137 909 530 948 894 663 933 101 415 15 23 942 874 350 298 945 363 380 7 346 660 830 969 26 758 93 577 168 747 108 386 133 579 317 865 215 0 798 723 384 811 135 583 661 787 494 139 272 594 351 605 948 626 236 795 123 828 989 720 636 609 2 376 186 902 634 634 434 528 86 
Store_87 548 715 464 75 610 928 174 886 571 941 575 16 878 689 664 457 658 891 269 551 696 58 527 994 836 666 765 976 575 101 466 629 83 831 987 104 399 339 267 62 945 829 910 940 367 450 45 647 324 403 924 647 19 465 293 200 730 168 474 357 155 580 811 638 93 322 780 313 713 708 209 572 543 745 703 244 798 182 577 245 91 908 842 260 636 47 798 0 867 589 170 970 204 888 700 690 590 161 847 297 355 42 659 765 261 989 274 355 385 466 904 54 833 268 104 798 199 131 817 74 
Store_88 593 523 749 667 449 970 728 403 531 503 522 645 446 826 872 774 105 137 685 919 311 831 525 282 429 923 460 846 682 811 777 376 83 560 543 214 271 264 399 847 322 421 23 196 774 443 518 93 941 645 519 594 629 33 981 954 73 821 355 282 951 452 207 299 850 606 313 110 173 28 429 163 693 119 88 542 578 806 712 121 814 123 830 810 749 375 723 867 0 129 673 566 910 888 976 843 18 612 397 305 213 517 750 536 807 819 91 482 845 795 647 404 70 947 123 516 173 635 34 697 
Store_89 598 393 131 214 680 156 503 576 209 886 997 797 603 319 688 676 483 932 134 874 422 912 90 740 607 135 488 551 159 508 362 599 452 675 533 593 942 115 281 611 19 855 135 476 940 970 898 379 179 328 688 98 137 67 289 954 721 341 391 297 244 281 717 872 595 592 806 775 816 383 819 365 272 506 576 993 594 835 517 296 671 480 796 195 776 754 384 589 129 0 439 231 80 358 280 293 269 238 67 138 35 894 806 262 753 956 425 901 562 276 359 82 333 333 800 510 606 322 494 13 
Store_90 485 965 264 419 826 221 701 813 57 998 130 473 342 594 932 466 151 537 850 556 716 290 853 239 771 919 994 568 524 510 841 90 807 27 337 756 560 336 474 35 753 90 936 618 387 32 252 544 371 553 872 928 641 687 681 536 259 621 262 443 540 975 767 415 125 36 495 706 777 608 317 226 43 10 853 394 27 385 635 530 791 135 582 285 983 992 811 170 673 439 0 248 548 856 907 938 723 728 865 209 666 151 161 22 865 176 516 79 8 114 489 861 574 754 811 339 113 915 704 67 
Store_91 58 627 168 114 716 135 454 459 420 161 342 961 330 139 623 725 210 940 568 917 650 240 786 694 736 59 571 269 868 307 366 569 972 33 582 746 494 82 321 243 70 72 994 929 524 596 483 712 171 953 240 521 993 845 960 834 855 488 12 355 511 513 524 819 249 522 728 527 537 548 636 261 411 472 282 595 823 111 505 311 969 69 843 520 613 797 135 970 566 231 248 0 78 345 933 957 599 364 467 562 844 189 494 553 492 507 167 586 966 765 423 649 258 173 802 476 190 622 545 51 
Store_92 341 224 571 756 967 167 156 497 727 763 122 86 930 60 401 527 955 668 135 979 236 807 421 19 684 141 86 467 654 149 760 811 547 16 789 296 356 725 263 512 769 653 108 428 821 499 546 40 402 889 726 814 342 286 401 685 583 370 367 823 542 80 768 173 585 407 52 601 904 186 676 571 639 830 364 56 893 790 23 210 383 933 356 646 279 179 583 204 910 80 548 78 0 302 645 74 822 841 298 688 73 504 936 184 683 944 844 198 768 695 461 961 200 55 406 324 354 437 174 92 
Store_93 463 631 419 566 156 216 688 316 557 834 454 574 836 21 449 585 963 459 419 104 529 33 754 540 588 459 345 72 865 106 558 732 598 711 297 383 203 220 995 457 504 658 730 233 344 499 202 701 472 573 184 478 138 623 883 528 930 779 108 327 256 496 639 420 736 631 984 928 40 743 301 915 883 791 25 113 189 883 5 880 503 798 479 488 929 755 661 888 888 358 856 345 302 0 15 748 591 824 396 430 522 537 655 476 151 184 556 629 102 948 849 490 139 940 939 147 921 991 211 451 
Store_94 130 768 124 230 94 818 561 611 58 276 309 954 250 207 381 412 648 441 384 232 411 627 233 245 858 116 369 460 427 601 440 354 229 708 145 487 953 950 757 886 897 961 640 508 611 85 956 834 320 64 447 14 679 400 471 12 845 921 183 968 404 979 823 583 966 872 474 963 731 975 951 999 485 544 986 922 676 553 778 417 212 446 496 129 294 106 787 700 976 280 907 933 645 15 0 793 825 899 468 660 66 768 288 691 374 241 758 645 571 862 631 962 475 156 764 388 485 302 394 142 
Store_95 93 298 710 530 72 347 742 87 306 32 661 350 146 942 602 517 755 430 425 801 145 131 50 55 423 573 377 525 59 434 508 49 979 933 793 265 20 556 370 816 649 986 925 386 548 176 529 659 441 932 457 723 173 214 838 474 286 243 492 784 976 411 884 456 754 256 715 189 705 509 628 344 15 683 165 972 472 532 217 16 303 506 579 377 849 577 494 690 843 293 938 957 74 748 793 0 860 456 970 433 870 179 68 627 795 643 476 110 323 931 829 76 986 444 85 632 714 482 138 177 
Store_96 905 916 803 100 851 920 135 565 664 952 592 672 867 860 526 713 993 136 334 571 699 538 23 807 636 160 641 64 898 711 602 323 400 743 621 820 716 51 208 601 497 452 142 334 972 525 865 13 67 159 65 773 820 441 309 305 649 357 947 822 605 244 987 605 856 867 601 218 376 400 78 898 34 425 127 387 132 532 991 242 170 187 681 363 695 842 139 590 18 269 723 599 822 591 825 860 0 942 861 573 451 717 15 67 610 648 246 426 242 17 322 781 933 39 332 66 805 826 168 226 
Store_97 997 37 961 155 255 584 713 983 433 403 847 748 309 179 98 492 950 142 108 904 141 284 97 553 409 396 612 759 615 812 784 610 957 466 751 85 905 202 836 892 539 684 297 460 979 725 716 490 267 119 989 966 405 310 895 88 102 461 645 154 966 861 464 347 965 531 985 132 71 480 368 295 823 248 633 116 502 899 652 133 802 836 893 326 668 969 272 161 612 238 728 364 841 824 899 456 942 0 798 372 754 904 884 873 383 590 981 505 329 872 80 234 884 112 820 782 152 163 79 476 
Store_98 472 258 616 654 142 34 437 402 826 843 12 878 552 51 749 221 352 414 816 791 123 67 593 942 444 956 701 517 261 564 250 480 112 460 58 604 784 138 123 41 4 851 862 469 970 607 727 3 380 109 255 881 235 152 411 976 119 769 322 646 454 967 936 173 673 814 837 192 731 35 966 189 14 461 923 134 478 952 790 713 348 885 6 872 245 854 594 847 397 67 865 467 298 396 468 970 861 798 0 374 489 981 458 428 824 2 920 647 945 982 969 233 595 157 162 74 842 454 733 145 
Store_99 622 499 435 607 841 936 403 199 31 298 347 691 118 662 20 439 394 975 803 263 971 469 225 561 397 375 492 708 418 620 215 797 427 165 764 92 272 501 196 819 100 306 49 888 136 939 510 358 941 780 275 147 493 374 414 58 76 599 633 13 108 334 262 525 311 767 718 704 2 293 724 375 731 16 918 453 575 897 519 832 956 130 418 40 51 664 351 297 305 138 209 562 688 430 660 433 573 372 374 0 906 457 199 999 944 741 731 460 715 393 690 688 687 888 629 739 809 289 885 185 
Location_0 487 758 217 374 877 912 449 128 908 734 50 397 972 412 773 738 827 667 694 239 404 334 558 848 430 231 700 197 802 517 147 458 312 668 290 710 481 817 885 165 899 87 897 516 582 316 941 628 81 351 544 940 929 191 313 109 857 820 979 749 28 969 624 107 384 384 551 926 245 851 512 255 111 221 883 592 194 27 540 236 384 390 474 562 883 425 605 355 213 35 666 844 73 522 66 870 451 754 489 906 0 889 571 851 793 263 471 860 835 712 244 441 224 101 853 497 167 343 200 784 
Location_1 615 176 529 264 248 217 977 798 789 937 825 224 368 843 796 243 775 491 213 608 200 221 509 593 690 600 592 815 119 807 581 896 671 647 22 171 590 220 933 170 613 113 807 150 932 160 299 829 81 331 416 625 402 2 755 789 913 306 220 205 257 467 927 253 248 589 227 200 960 202 38 184 960 240 467 341 231 321 706 632 771 16 292 600 844 200 948 42 517 894 151 189 504 537 768 179 717 904 981 457 889 0 722 206 143 209 345 581 63 529 913 260 650 280 557 825 659 22 845 898 
Location_2 91 195 70 427 163 37 530 883 341 29 598 608 709 23 724 489 189 395 700 3 12 239 319 589 652 600 657 366 262 389 200 55 994 925 485 481 221 434 446 934 319 115 36 833 233 370 343 990 169 228 9 59 405 160 34 581 82 278 846 287 392 635 374 655 609 743 681 598 878 24 725 68 933 643 420 421 83 647 32 329 473 702 721 607 871 992 626 659 750 806 161 494 936 655 288 68 15 884 458 199 571 722 0 219 501 383 51 889 792 75 753 298 772 953 549 114 230 854 763 889 
Location_3 681 716 896 875 250 183 999 482 519 592 296 148 845 532 990 416 22 178 698 567 170 863 313 747 452 361 740 287 214 332 995 514 480 391 934 230 215 181 625 301 247 869 5 621 251 314 244 279 941 593 125 954 834 402 888 726 621 251 642 125 365 66 773 440 314 716 438 24 816 368 364 557 878 136 103 26 316 886 756 703 277 337 276 33 285 524 236 765 536 262 22 553 184 476 691 627 67 873 428 999 851 206 219 0 30 216 838 595 593 838 734 592 236 775 573 940 970 72 36 317 
Location_4 204 69 988 863 982 923 250 189 588 417 627 425 657 270 51 349 108 686 267 763 349 351 858 647 133 182 412 384 330 534 712 318 680 928 201 199 463 835 450 943 826 110 964 642 57 361 282 276 205 245 550 602 403 537 222 439 208 232 791 423 154 736 721 252 929 732 527 95 379 503 631 937 690 422 173 609 220 45 621 988 446 517 470 489 955 729 795 261 807 753 865 492 683 151 374 795 610 383 824 944 793 143 501 30 0 37 889 978 112 830 261 920 806 552 699 112 894 598 815 246 
Location_5 787 143 895 275 676 595 159 805 704 248 526 905 989 287 475 876 913 803 621 329 244 727 563 692 806 538 879 654 716 539 505 852 469 889 743 489 191 94 389 105 479 321 674 738 94 267 287 398 338 329 138 70 325 86 420 474 606 96 785 113 20 851 359 425 16 289 557 266 342 191 659 364 841 699 366 828 359 277 408 101 427 862 328 432 628 801 123 989 819 956 176 507 944 184 241 643 648 590 2 741 263 209 383 216 37 0 908 474 131 341 699 343 746 912 538 725 500 411 168 28 
Location_6 32 62 776 101 315 5 879 264 231 745 310 585 867 814 588 845 97 771 103 736 637 483 69 200 173 887 367 439 62 650 452 927 213 953 407 850 88 904 966 309 322 381 332 873 641 905 921 15 526 922 470 312 425 520 780 711 605 253 477 478 696 727 292 229 422 674 192 85 466 165 232 947 912 437 457 22 472 861 232 733 948 429 739 184 46 552 828 274 91 425 516 167 844 556 758 476 246 981 920 731 471 345 51 838 889 908 0 408 466 802 574 970 240 454 239 948 676 772 529 613 
Location_7 934 645 713 697 574 947 711 413 908 863 700 281 709 746 718 204 442 740 170 764 275 322 220 538 183 284 471 521 535 353 527 495 181 612 529 368 855 456 900 436 744 262 730 276 598 40 715 376 937 587 982 750 251 286 169 8 168 130 174 828 573 782 646 567 469 907 269 846 358 744 449 111 481 518 548 941 545 805 699 909 939 895 713 188 698 321 989 355 482 901 79 586 198 629 645 110 426 505 647 460 860 581 889 595 978 474 408 0 284 861 128 429 543 292 381 74 866 67 849 786 
Location_8 862 649 434 612 652 441 713 294 745 129 75 395 329 568 477 378 77 892 91 407 174 283 866 642 971 946 98 325 306 101 274 874 710 96 929 219 788 462 706 189 795 163 772 480 268 788 394 834 161 323 644 228 831 577 789 224 908 19 387 990 847 468 503 620 154 933 275 655 143 693 498 552 238 732 253 728 713 120 600 193 204 394 38 453 963 51 720 385 845 562 8 966 768 102 571 323 242 329 945 715 835 63 792 593 112 131 466 284 0 780 724 744 193 906 487 121 475 967 490 202 
Location_9 82 899 663 917 33 127 718 198 173 841 775 303 304 950 459 397 339 941 361 227 119 838 803 141 796 710 513 671 990 952 779 318 767 955 425 858 275 36 57 793 154 816 659 129 337 246 428 290 136 836 729 576 510 778 997 735 535 97 945 310 712 300 414 166 224 999 614 766 656 928 244 969 194 261 539 561 630 95 249 322 713 546 279 868 491 205 636 466 795 276 114 765 695 948 862 931 17 872 982 393 712 529 75 838 830 341 802 861 780 0 8 133 156 837 212 164 294 814 586 187 
Location_10 788 574 405 909 359 559 66 562 158 377 730 608 901 473 498 758 174 567 431 686 872 674 740 327 644 386 795 391 699 74 416 476 411 746 382 949 228 454 527 683 935 580 47 246 402 767 332 801 29 534 316 597 31 674 588 353 371 452 155 390 269 230 693 20 477 893 642 240 145 726 885 242 633 102 665 212 98 548 149 400 864 361 670 788 276 508 609 904 647 359 489 423 461 849 631 829 322 80 969 690 244 913 753 734 261 699 574 128 724 8 0 726 576 227 353 919 559 430 862 656 
Location_11 68 44 37 33 565 353 829 284 145 310 132 279 618 374 390 216 580 388 443 755 874 321 400 565 552 345 242 867 936 319 949 616 247 846 676 617 731 944 684 696 29 726 720 3 475 921 743 430 478 408 540 422 755 611 273 322 61 612 937 850 154 368 44 857 762 265 509 414 670 261 983 660 738 144 681 817 376 204 5 854 947 313 313 984 960 175 2 54 404 82 861 649 961 490 962 76 781 234 233 688 441 260 298 592 920 343 970 429 744 133 726 0 728 774 651 364 71 384 260 871 
Location_12 615 6 544 613 279 535 242 103 667 836 568 98 910 888 142 358 831 833 623 21 231 327 484 976 862 665 286 377 50 347 346 486 169 156 933 201 992 821 949 564 94 152 230 174 571 941 519 469 256 506 810 976 621 390 509 578 142 394 521 387 392 51 342 603 614 728 485 911 204 17 636 932 976 715 977 647 66 754 875 539 329 860 483 914 958 769 376 833 70 333 574 258 200 139 475 986 933 884 595 687 224 650 772 236 806 746 240 543 193 156 576 728 0 338 363 13 840 243 295 271 
Location_13 2 663 52 848 777 410 483 434 529 513 384 726 294 31 709 959 736 504 231 482 622 89 798 173 264 767 699 916 614 700 818 527 923 956 631 374 546 797 762 6 849 633 412 330 502 687 403 678 232 583 673 84 610 133 686 783 84 848 607 743 991 832 921 91 692 677 63 16 591 784 455 159 548 878 899 824 667 186 803 44 697 874 934 363 487 846 186 268 947 333 754 173 55 940 156 444 39 112 157 888 101 280 953 775 552 912 454 292 906 837 227 774 338 0 840 749 648 147 974 632 
Location_14 53 365 100 82 780 27 61 479 845 209 259 274 922 220 491 471 911 171 149 92 867 965 615 746 928 651 615 379 708 665 984 867 360 253 806 590 102 579 529 875 703 452 442 86 160 805 610 384 384 881 135 482 537 686 662 145 1 311 91 681 311 569 547 779 39 272 358 804 248 247 23 354 127 242 631 326 908 453 356 301 204 790 694 572 643 505 902 104 123 800 811 802 406 939 764 85 332 820 162 629 853 557 549 573 699 538 239 381 487 212 353 651 363 840 0 591 628 938 536 256 
Location_15 398 340 999 999 64 14 344 838 340 789 251 484 135 709 383 480 359 340 334 450 38 396 273 527 401 642 857 272 901 701 637 881 602 451 190 90 44 229 273 710 10 290 141 867 242 157 237 989 447 846 434 30 722 56 62 559 217 536 103 699 294 332 365 141 139 599 283 911 422 331 358 714 439 722 517 700 924 941 129 674 329 539 708 439 507 209 634 798 516 510 339 476 324 147 388 632 66 782 74 739 497 825 114 940 112 725 948 74 121 164 919 364 13 749 591 0 373 726 581 278 
Location_16 485 319 606 783 377 685 878 551 38 93 217 744 498 146 778 121 107 231 407 986 169 807 489 137 314 288 493 564 793 134 938 414 973 201 952 193 416 323 5 790 2 55 258 264 560 532 876 894 408 59 601 169 890 890 371 737 717 387 982 633 94 882 578 419 154 793 661 750 657 955 791 54 812 913 940 10 288 940 707 305 13 392 104 287 436 882 634 199 173 606 113 190 354 921 485 714 805 152 842 809 167 659 230 970 894 500 676 866 475 294 559 71 840 648 628 373 0 490 764 180 
Location_17 637 889 317 143 204 557 417 255 892 677 728 297 537 690 495 927 656 623 579 145 936 70 909 441 826 476 651 973 681 682 518 194 602 925 802 617 4 510 388 107 411 676 687 859 181 118 908 106 968 131 973 973 812 699 579 613 643 93 409 240 366 641 62 365 810 327 58 466 85 134 686 388 821 32 403 211 445 645 865 732 993 192 341 716 641 7 434 131 635 322 915 622 437 991 302 482 826 163 454 289 343 22 854 72 598 411 772 67 967 814 430 384 243 147 938 726 490 0 776 586 
Location_18 911 669 82 377 876 759 43 516 350 581 465 174 570 120 279 481 712 763 772 794 974 447 273 796 459 436 576 812 297 968 334 783 787 671 17 639 720 788 4 72 495 585 136 721 743 74 62 403 737 56 574 920 153 495 973 968 341 962 909 283 244 933 948 275 652 493 413 67 45 131 705 848 710 145 806 89 559 540 300 444 222 590 71 248 120 850 528 817 34 494 704 545 174 211 394 138 168 79 733 885 200 845 763 36 815 168 529 849 490 586 862 260 295 974 536 581 764 776 0 714 
Location_19 355 511 568 450 307 468 984 502 873 258 838 691 253 990 95 711 52 205 894 125 616 320 190 460 787 781 23 420 699 518 487 8 517 448 39 368 18 352 116 67 503 406 994 886 960 260 149 351 92 961 829 557 412 350 593 237 437 616 513 756 533 118 973 878 448 69 868 891 700 3 110 416 908 974 342 675 643 757 297 631 142 558 371 368 605 739 86 74 697 13 67 51 92 451 142 177 226 476 145 185 784 898 889 317 246 28 613 786 202 187 656 871 271 632 256 278 180 586 714 0 
