Store_0 0 673 242 95 867 729 399 729 283 223 867 375
Store_1 673 0 54 489 65 144 546 5 493 582 606 194
Store_2 242 54 0 586 606 960 792 128 457 863 982 54
Store_3 95 489 586 0 39 381 654 993 438 453 187 741
Store_4 867 65 606 39 0 725 178 651 827 927 921 344
Store_5 729 144 960 381 725 0 364 83 701 2 592 626
Store_6 399 546 792 654 178 364 0 994 627 796 448 305
Store_7 729 5 128 993 651 83 994 0 530 711 697 557
Store_8 283 493 457 438 827 701 627 530 0 963 449 908
Store_9 223 582 863 453 927 2 796 711 963 0 826 463
Location_0 867 606 982 187 921 592 448 697 449 826 0 682
Location_1 375 194 54 741 344 626 305 557 908 463 682 0
