Store_0 0 624 1148 433 1831 280 1060 1814 1459 650 441 1047 230 1274 834 1090 667 572 672 406 369 521 1069 996 1256 144 815 468 1372 44 134 1873 11 290 55 1184 1004 1435 1689 1914 1881 1273 1731 1979 1859 870 1500 1684 1712 118 1820 522 1714 239 1331 1344 1431 1497 431 376 1552 1649 454 119 182 1551 1565 1310 1562 1704 1736 1557 455 267 1271 1027 1125 231 168 1324 844 980 1530 1170 1167 1988 1435 73 751 633 754 1181 1316 61 1099 1632 1179 563 1837 231 1558 1462 1302 1579 1216 1219 137 1625 1747 1173 
Store_1 624 0 1047 940 1157 1727 1037 64 1351 987 1019 1231 574 802 1310 1825 1357 654 486 130 297 1008 1829 840 31 1224 755 1252 1582 949 165 561 347 852 242 1448 460 1521 144 1186 851 1432 799 1132 255 1501 1187 1805 1036 1257 466 946 1652 278 325 1798 1631 669 122 565 856 1578 107 1279 981 1550 1508 18 136 303 87 1798 91 1540 144 1779 1522 986 1010 1772 744 1992 18 668 1292 1775 1856 1659 667 1719 717 100 1189 1289 428 585 1061 1698 291 1303 293 1094 279 766 1222 1779 125 1986 1381 703 
Store_2 1148 1047 0 910 1816 1791 565 1584 1140 394 437 1941 43 1477 949 1448 672 1127 116 932 528 1187 233 1656 1754 343 203 51 1200 1010 1892 1410 909 208 1744 1091 1037 1555 152 348 159 1638 1946 922 284 308 45 1582 1031 1536 1229 1262 1691 747 119 1022 438 1107 1982 1981 121 1659 1185 755 749 579 1228 380 1218 1931 1871 217 484 1390 128 1632 1563 456 647 1594 120 1683 1494 572 645 1494 1720 482 1527 1632 1497 1481 1088 704 1670 1135 1368 1443 682 1952 1590 895 639 1949 1085 68 1279 1080 293 1453 
Store_3 433 940 910 0 338 1140 1475 1981 1731 991 1882 374 527 1708 1165 1158 1230 1211 1790 1135 488 1974 654 449 1716 111 1686 1224 1169 1013 1447 1147 701 764 910 414 727 828 1533 1107 1953 1504 1358 849 1239 1124 52 525 644 1770 303 153 1467 1299 713 1893 858 584 1436 1207 1374 1287 108 584 1111 58 1569 1620 229 881 1090 1427 685 1176 784 1258 294 827 1836 524 1131 1076 86 444 1014 132 1692 841 944 398 1205 1564 1753 1693 1514 1740 1640 801 546 1545 1459 111 1790 570 1102 64 1387 1661 299 304 
Store_4 1831 1157 1816 338 0 175 1386 1522 213 238 1942 316 21 1264 1072 1824 623 992 568 764 1773 1568 1778 190 1122 82 707 963 1282 1707 35 1107 794 359 1572 1349 1823 1008 1506 1933 433 413 1976 1136 1819 178 840 1401 960 1882 1893 1966 47 1622 1564 1550 165 1458 661 1914 1221 1114 1809 227 881 755 635 1890 775 1219 1239 1368 34 704 246 68 870 975 759 281 857 716 13 275 135 945 60 1259 1603 1871 1679 794 869 1956 1215 595 1765 310 1872 824 1081 1529 71 1732 14 1822 193 607 1812 1345 
Store_5 280 1727 1791 1140 175 0 1117 963 1409 136 530 1439 1218 1793 1052 1068 877 240 227 1248 307 176 272 899 1192 1705 1673 1016 83 527 423 189 715 1344 780 1388 1792 212 1625 1929 616 812 359 1541 1593 654 887 1855 1282 527 532 3 240 1954 18 49 1726 1461 713 1757 718 1966 1279 1553 429 1515 719 451 925 240 808 1065 1935 1034 545 159 45 534 612 1035 681 438 1749 1525 1273 153 193 26 822 272 1533 990 208 689 436 458 1137 759 1831 1462 1748 1798 1173 1317 785 1827 790 1540 1421 1198 
Store_6 1060 1037 565 1475 1386 1117 0 751 224 23 1769 12 1318 530 1254 230 312 810 342 1217 631 1156 1655 1992 497 520 1701 1927 401 1273 991 678 1991 1024 1659 1200 1236 1008 1945 1234 370 344 1112 1629 1599 68 353 48 1862 1018 231 1905 1079 694 270 1269 1064 568 447 1321 1322 605 765 1539 572 611 1098 1004 1099 1675 1502 997 703 1490 1598 903 1830 256 504 1797 74 1240 1753 1652 1186 1468 1011 679 84 1133 16 713 1534 948 670 1407 1509 745 709 869 1305 1681 1502 1465 1203 966 419 1509 1199 1038 
Store_7 1814 64 1584 1981 1522 963 751 0 1826 1401 1732 1473 1484 178 1477 1697 80 506 1893 1280 1397 861 1783 809 1423 332 212 1820 603 324 1034 1118 1235 1281 905 1087 646 504 598 373 137 824 1181 1074 23 1107 845 547 1623 1444 1994 223 830 1394 972 319 31 1498 1408 1580 167 566 103 1501 268 1198 1716 181 1856 1456 1982 477 1873 951 1443 338 1422 1973 197 370 639 1613 1321 1998 782 1570 395 244 12 1685 1071 1875 369 735 1400 1215 261 217 142 1442 843 795 1515 819 1283 241 1725 1199 680 1035 
Store_8 1459 1351 1140 1731 213 1409 224 1826 0 1643 551 1454 1172 1522 1360 634 312 1177 1889 1893 448 1023 1108 740 485 1908 611 298 1459 309 636 749 837 228 1716 260 420 1453 284 1679 1533 1158 362 1854 1863 1326 1769 1511 1530 338 647 878 1989 1991 1645 1222 1546 891 1097 1774 1789 1261 942 594 101 1893 169 1503 256 459 1596 820 1746 1830 1122 40 2 427 169 744 1761 1843 1412 926 1988 743 1287 53 567 454 1456 1015 1096 1331 1013 1081 752 1070 1929 1199 1777 1624 1186 1043 994 1604 1459 1005 1954 16 
Store_9 650 987 394 991 238 136 23 1401 1643 0 587 252 274 1680 11 1937 1615 786 1256 1153 1169 1194 367 792 1039 489 36 922 369 140 990 439 725 486 1453 1673 1062 1105 1791 948 1728 1346 1796 1142 1634 447 712 1208 4 1004 325 982 1564 736 298 88 1670 361 1624 1389 1949 296 121 600 1879 494 1367 961 1666 1662 198 1679 676 69 1940 1435 1125 410 1604 49 119 748 1094 1250 742 841 1244 396 1516 4 1244 1308 1645 1666 1126 875 196 1079 606 146 1915 1991 1228 1504 1316 1618 25 585 239 586 
Store_10 441 1019 437 1882 1942 530 1769 1732 551 587 0 1987 979 801 108 1214 1250 1079 1334 132 767 1398 1117 464 416 371 1473 667 504 799 550 1464 1554 568 726 242 1013 1490 1932 840 898 1172 1778 1335 1644 709 873 468 1248 875 1043 197 1037 1924 958 213 1093 174 1391 1427 919 1092 477 617 1915 1820 1812 616 359 263 724 67 1620 1191 1790 1296 1304 216 537 202 429 1377 1331 1463 1580 575 1336 1473 174 1663 716 709 1808 1498 1276 493 91 514 1612 330 1080 455 1158 812 416 346 512 96 559 637 
Store_11 1047 1231 1941 374 316 1439 12 1473 1454 252 1987 0 1187 1435 1765 95 501 1482 1825 538 879 601 1919 276 605 290 391 312 84 1031 601 1734 879 8 686 924 1077 932 1010 989 1260 267 1425 484 1744 727 714 461 1154 1604 931 912 939 148 351 1974 842 515 1740 1200 730 670 1737 1619 422 1395 1386 1475 1140 1259 448 210 1703 1659 70 409 142 1083 1406 1199 133 1229 1155 1030 1646 397 529 1334 732 640 327 1083 666 1642 1447 195 1729 375 130 1216 429 387 290 793 1984 543 688 884 1649 484 
Store_12 230 574 43 527 21 1218 1318 1484 1172 274 979 1187 0 896 989 1118 848 1531 1854 948 322 343 1506 1102 1831 1103 24 1769 520 1589 355 1361 1475 1366 1703 979 1636 1788 371 1333 492 1757 1212 842 1587 173 239 770 241 522 1565 151 1553 174 347 648 858 1605 372 1883 1563 1605 1580 61 1287 1190 1826 1767 1084 1082 1465 1880 1946 1212 1142 165 623 1879 247 789 877 256 590 393 1032 1125 277 524 1428 1298 1174 889 735 1869 514 1792 1947 1920 1245 1410 1554 1417 1935 270 542 286 1451 1329 1968 807 
Store_13 1274 802 1477 1708 1264 1793 530 178 1522 1680 801 1435 896 0 1757 1221 1327 328 1947 1236 1481 9 461 63 1234 5 72 787 671 930 780 1287 151 422 1582 687 266 550 1884 1019 694 202 1261 1667 1845 130 98 569 1314 1251 1835 635 269 1954 777 457 53 173 754 968 315 1286 654 16 1540 576 1805 1548 1774 892 1255 187 1801 1525 703 1915 1185 1820 1026 635 488 887 1533 1172 1796 52 46 1577 1778 1636 1379 757 1649 857 632 155 336 1634 149 174 643 33 1386 1221 7 17 23 1920 348 2 
Store_14 834 1310 949 1165 1072 1052 1254 1477 1360 11 108 1765 989 1757 0 1991 312 1903 1042 745 941 651 922 260 810 1444 219 1071 1659 1318 1199 326 1135 1534 358 1657 1927 1710 1022 197 462 273 2 1658 508 493 20 400 1743 1940 972 1278 1346 339 1101 490 965 1869 1042 868 1107 464 825 1921 404 1449 1987 201 1090 1788 812 600 974 1512 1447 1571 1065 1103 1790 1731 1723 1728 824 1509 1626 436 1199 1018 64 110 1609 1263 952 114 1789 684 174 449 1764 672 284 1392 1951 775 616 1419 418 962 1050 1863 
Store_15 1090 1825 1448 1158 1824 1068 230 1697 634 1937 1214 95 1118 1221 1991 0 1841 218 123 1976 1997 1112 1572 1390 1022 87 407 727 1742 1827 550 1149 1596 1494 1490 1236 225 1018 69 1248 513 1292 1626 1035 461 1242 1734 839 1614 1741 166 135 1948 1297 1322 18 474 1492 1817 1081 994 1567 159 1090 1488 1321 824 642 677 895 1340 1416 214 759 755 1463 1925 1899 1588 1378 1059 419 468 654 1394 517 15 591 1632 1088 1585 1952 1069 1375 421 1467 940 1212 1146 80 97 1772 809 1194 1609 168 1196 527 941 959 
Store_16 667 1357 672 1230 623 877 312 80 312 1615 1250 501 848 1327 312 1841 0 1299 430 269 649 1577 1356 1761 1971 641 184 24 1076 356 1162 1713 1059 954 658 1956 286 1313 1884 1297 260 1847 750 1919 1117 764 1436 462 566 1682 397 1816 328 1110 1277 1894 870 1829 1970 1656 408 1968 1551 1831 907 666 954 67 1109 1205 14 1268 150 796 715 358 1384 1963 1401 331 1811 499 400 1937 731 1900 325 57 989 267 1140 1184 835 225 1364 1637 1101 1177 651 556 1505 335 784 1310 123 1469 989 1220 369 1850 
Store_17 572 654 1127 1211 992 240 810 506 1177 786 1079 1482 1531 328 1903 218 1299 0 1733 277 1445 1795 202 417 1021 818 842 1939 1416 1976 117 1161 1493 1223 1145 254 174 109 1098 1901 1527 1125 407 1628 384 69 1433 1065 1678 883 1065 1048 852 879 641 446 397 601 187 1509 155 19 249 1456 1140 174 1184 413 1536 981 484 366 281 165 1609 1499 229 358 1488 1871 1432 699 1047 1157 545 1524 1986 1907 877 570 174 1938 430 898 1888 1104 647 167 959 606 541 1762 645 1069 1087 491 1934 1458 1282 678 
Store_18 672 486 116 1790 568 227 342 1893 1889 1256 1334 1825 1854 1947 1042 123 430 1733 0 615 1621 1850 574 1435 1449 638 748 1104 566 370 1199 1077 1529 1412 1760 8 163 1273 291 6 266 1607 1599 36 1464 1532 1125 607 1867 1144 1437 730 1094 936 1841 1816 1070 1856 1880 538 682 99 1315 72 1636 8 440 47 666 1278 1935 64 106 254 1912 740 624 1938 7 1378 848 1151 503 1818 587 923 406 504 65 915 1209 185 1312 1719 1980 889 1590 632 1569 247 1149 167 1049 706 141 1119 243 912 353 1742 
Store_19 406 130 932 1135 764 1248 1217 1280 1893 1153 132 538 948 1236 745 1976 269 277 615 0 27 1789 802 35 1013 1980 185 744 1138 422 274 1751 772 1328 34 1525 1009 1832 1401 485 199 1498 197 1340 482 549 509 739 252 1338 1282 764 891 266 533 348 1517 1339 195 76 449 1674 1671 983 1160 597 500 570 975 724 1969 516 1396 1730 1771 686 1038 1799 1609 173 258 1855 54 1112 1590 212 1502 283 1732 63 1112 592 884 1443 847 484 35 1022 1864 627 968 423 566 43 924 42 1436 830 624 370 
Store_20 369 297 528 488 1773 307 631 1397 448 1169 767 879 322 1481 941 1997 649 1445 1621 27 0 1834 747 68 1171 1416 629 688 1069 280 1963 859 1235 116 722 1893 511 641 631 504 578 1003 1388 358 987 189 1200 486 1235 561 1913 974 1644 48 1507 705 1410 136 35 1718 948 544 226 373 1970 309 355 409 967 67 1102 21 1748 1126 695 12 624 1820 385 1533 78 1211 43 1370 914 1500 1701 1635 1188 880 1606 1839 449 1267 839 143 1315 1348 821 1742 892 1684 1613 186 942 1913 586 1960 1652 859 
Store_21 521 1008 1187 1974 1568 176 1156 861 1023 1194 1398 601 343 9 651 1112 1577 1795 1850 1789 1834 0 341 2 1974 1097 105 834 354 1367 985 1623 146 352 140 17 1182 1270 1669 1763 680 240 91 217 1808 819 357 1663 640 793 1947 7 589 442 941 1474 1589 979 187 857 740 643 728 1004 1634 1967 1222 248 562 998 1279 1124 989 1455 61 410 1085 448 1035 1999 1323 343 835 851 1327 727 538 1337 1646 717 77 613 822 441 1111 934 583 1632 1946 176 365 1180 97 1835 363 9 902 1546 1782 1937 
Store_22 1069 1829 233 654 1778 272 1655 1783 1108 367 1117 1919 1506 461 922 1572 1356 202 574 802 747 341 0 722 109 710 967 46 749 948 1509 1869 1075 1403 1271 453 924 1962 222 1110 714 311 715 122 1172 1772 570 1467 408 142 985 1284 1090 573 1226 600 33 1974 1403 1711 1881 550 1989 674 1921 1955 1347 988 491 1006 579 483 163 14 255 877 1459 1053 568 1415 138 1746 248 1871 1334 1819 1515 1902 1519 1789 885 1801 693 1910 606 1229 501 986 347 1662 1022 1322 377 434 1480 904 380 1694 684 346 
Store_23 996 840 1656 449 190 899 1992 809 740 792 464 276 1102 63 260 1390 1761 417 1435 35 68 2 722 0 1063 1711 157 241 1886 488 756 1091 381 371 1430 1268 680 908 87 1892 86 84 130 1849 1466 835 628 583 1215 567 522 1679 298 19 1831 103 728 1715 1996 1997 697 545 953 1409 422 1967 37 516 1215 1166 938 901 1775 650 1360 599 1672 671 1821 1093 1707 3 1647 140 1858 337 377 269 1334 37 1394 1805 1114 1503 272 787 1520 1125 587 377 1536 1973 338 438 1975 783 564 1717 1468 1409 
Store_24 1256 31 1754 1716 1122 1192 497 1423 485 1039 416 605 1831 1234 810 1022 1971 1021 1449 1013 1171 1974 109 1063 0 295 263 272 1596 1891 487 567 1020 770 978 1637 904 363 1191 1761 388 432 1909 936 178 1476 1717 1171 1465 636 841 1119 200 554 560 1464 611 1938 1700 1599 1655 353 784 638 848 83 270 1806 1616 1894 995 1715 814 502 1997 1299 1599 1313 1746 629 428 929 413 1184 1329 1930 1654 949 1472 559 896 585 756 1568 1365 228 1750 1212 1329 1340 1285 565 1159 1197 166 1720 511 361 941 1103 
Store_25 144 1224 343 111 82 1705 520 332 1908 489 371 290 1103 5 1444 87 641 818 638 1980 1416 1097 710 1711 295 0 1883 1180 492 84 746 1790 289 986 1641 1351 334 431 1300 395 507 1653 346 1296 708 1324 385 1159 1105 964 1817 1541 1343 1384 519 1928 1141 1548 957 173 752 1900 990 685 1216 764 1063 1181 1038 740 414 1605 1111 508 1873 764 237 1479 486 152 667 1125 773 1003 872 1943 652 1345 1317 589 1509 1846 150 1310 830 693 1934 383 1949 594 1977 1150 1288 680 807 719 965 227 1232 1356 
Store_26 815 755 203 1686 707 1673 1701 212 611 36 1473 391 24 72 219 407 184 842 748 185 629 105 967 157 263 1883 0 1940 782 966 1342 1682 1376 21 935 349 85 431 790 1863 201 1099 1656 33 1268 1986 1007 1521 1072 1146 1773 1455 930 393 815 1376 1996 1566 36 281 1450 1171 1911 419 920 1776 141 1465 533 294 601 1160 1068 1995 67 720 518 1708 818 209 215 1086 1614 1277 347 1495 1072 568 957 673 1295 1377 795 1421 1897 575 755 895 1574 1842 167 1025 1907 1790 87 1546 628 713 1386 1099 
Store_27 468 1252 51 1224 963 1016 1927 1820 298 922 667 312 1769 787 1071 727 24 1939 1104 744 688 834 46 241 272 1180 1940 0 403 1344 819 1620 1626 1566 674 1402 1239 975 97 722 674 1367 1135 41 1699 1363 1923 250 978 641 1561 1473 1013 1228 1887 62 1298 867 1260 668 930 1245 1889 1137 467 1283 1429 952 1677 377 1463 1827 1339 827 1467 1010 200 1932 1052 1666 1872 1790 380 825 1469 1487 1690 1837 550 72 564 1426 889 1558 831 1509 206 1932 1966 1610 1561 1289 1838 306 89 865 720 1190 1356 1997 
Store_28 1372 1582 1200 1169 1282 83 401 603 1459 369 504 84 520 671 1659 1742 1076 1416 566 1138 1069 354 749 1886 1596 492 782 403 0 1339 1136 810 1202 743 882 26 1024 1308 1517 319 1871 1436 852 1906 962 1047 1132 1609 1882 1613 28 1210 958 1189 1122 1935 1340 348 1946 1956 351 55 1393 1991 241 742 1164 520 1288 143 601 1458 971 1764 300 471 1798 500 1887 1013 109 576 382 975 5 1504 330 99 1924 129 901 446 17 1086 1470 501 1037 1249 977 1773 1280 448 516 1027 1292 491 594 1098 277 789 
Store_29 44 949 1010 1013 1707 527 1273 324 309 140 799 1031 1589 930 1318 1827 356 1976 370 422 280 1367 948 488 1891 84 966 1344 1339 0 587 403 1212 189 1388 257 401 959 528 1598 429 357 1783 1067 1858 221 578 610 1541 720 730 1716 465 1512 1905 1424 1687 496 265 64 949 1931 1475 1524 151 375 1684 1657 1957 901 1270 258 339 1891 560 1154 1194 1605 741 1870 863 1823 1425 557 280 466 1752 484 1648 979 487 1114 1055 179 222 1056 97 811 1515 475 1766 666 1681 1917 1746 92 1369 1580 511 368 
Store_30 134 165 1892 1447 35 423 991 1034 636 990 550 601 355 780 1199 550 1162 117 1199 274 1963 985 1509 756 487 746 1342 819 1136 587 0 1688 1036 493 1607 1762 1441 1771 990 1594 872 460 1775 871 769 1640 1754 182 1954 306 67 645 1894 92 572 607 891 1072 901 1171 293 1180 1287 640 208 1156 1643 1851 1049 1543 1968 1279 1868 262 226 1593 1962 1530 1194 283 1571 592 1976 1303 1612 1940 952 1053 1606 391 960 1914 1220 1415 900 1911 1171 131 1418 1519 1902 51 1452 1165 1789 417 269 314 1896 731 
Store_31 1873 561 1410 1147 1107 189 678 1118 749 439 1464 1734 1361 1287 326 1149 1713 1161 1077 1751 859 1623 1869 1091 567 1790 1682 1620 810 403 1688 0 39 1912 91 187 1110 774 1201 647 1148 1130 1259 1837 1581 1417 121 1089 1583 296 1383 347 286 93 1559 705 1979 946 1806 296 1038 7 1397 905 1689 124 98 1420 1265 946 1998 407 1277 818 548 1260 527 1835 1948 722 160 1160 801 1066 376 714 207 177 385 484 62 1085 443 705 479 471 845 1000 1673 1202 1920 1714 1749 497 1370 149 825 732 459 774 
Store_32 11 347 909 701 794 715 1991 1235 837 725 1554 879 1475 151 1135 1596 1059 1493 1529 772 1235 146 1075 381 1020 289 1376 1626 1202 1212 1036 39 0 1015 53 1174 1129 1479 1229 1621 1545 1648 373 86 692 871 1708 763 677 320 1657 1384 981 1128 1693 847 1578 591 849 851 1276 1250 1032 530 498 669 1468 1131 1484 674 84 624 159 1205 1900 1995 1068 449 208 1300 91 838 1588 325 122 1688 769 969 1572 745 33 477 766 816 559 652 832 1769 51 1905 1266 790 263 754 526 205 193 368 1512 1651 
Store_33 290 852 208 764 359 1344 1024 1281 228 486 568 8 1366 422 1534 1494 954 1223 1412 1328 116 352 1403 371 770 986 21 1566 743 189 493 1912 1015 0 1178 1037 797 1721 1478 224 1320 892 1681 106 902 1997 812 1816 758 1848 1986 1192 532 828 388 538 195 389 442 828 752 1822 1483 665 1906 1593 436 151 1267 1279 1998 238 1693 293 145 1515 1479 1409 1386 1486 632 753 1793 1196 1217 936 1506 350 852 411 435 651 587 1514 168 736 715 6 1879 1516 224 1119 391 1118 283 229 1203 547 230 1927 
Store_34 55 242 1744 910 1572 780 1659 905 1716 1453 726 686 1703 1582 358 1490 658 1145 1760 34 722 140 1271 1430 978 1641 935 674 882 1388 1607 91 53 1178 0 706 778 502 307 1022 349 464 6 933 438 461 797 1732 842 575 794 1213 18 1346 27 1741 1656 549 120 558 938 822 628 1307 1817 966 1289 1773 182 1819 534 1718 640 33 230 867 713 1861 1427 184 335 1056 1246 110 1892 582 526 808 806 189 686 1724 1043 1777 1008 1652 1751 1003 1173 286 1456 177 238 10 650 1562 705 1273 796 1025 
Store_35 1184 1448 1091 414 1349 1388 1200 1087 260 1673 242 924 979 687 1657 1236 1956 254 8 1525 1893 17 453 1268 1637 1351 349 1402 26 257 1762 187 1174 1037 706 0 792 995 1350 1764 320 4 1999 92 509 1663 1003 1397 1848 888 77 1521 1935 1611 971 1776 1080 1407 1790 244 73 432 1402 957 986 1446 1136 598 469 929 561 246 1126 153 1704 1635 757 1151 1228 909 865 54 1110 1618 408 987 879 504 98 469 821 1578 727 1987 19 306 537 59 1456 204 516 1541 1503 1164 256 89 181 345 275 461 
Store_36 1004 460 1037 727 1823 1792 1236 646 420 1062 1013 1077 1636 266 1927 225 286 174 163 1009 511 1182 924 680 904 334 85 1239 1024 401 1441 1110 1129 797 778 792 0 197 666 1897 238 405 698 549 66 376 1841 1831 1436 574 1165 713 942 120 429 307 1896 1640 1732 1852 964 969 804 1517 580 765 922 1329 875 790 965 881 1350 772 1781 11 1007 1366 1779 1289 1003 924 970 899 988 1443 1535 413 1305 39 350 1556 1248 1442 12 1102 299 84 1481 1205 28 1623 824 1701 194 1509 1693 1680 807 1953 
Store_37 1435 1521 1555 828 1008 212 1008 504 1453 1105 1490 932 1788 550 1710 1018 1313 109 1273 1832 641 1270 1962 908 363 431 431 975 1308 959 1771 774 1479 1721 502 995 197 0 272 288 755 1759 1569 1389 214 1547 1786 624 20 1757 722 1813 166 644 333 1639 1808 96 316 1365 275 624 95 1902 257 571 1013 1037 1605 1984 242 1305 1245 362 1957 404 544 336 107 1766 1567 957 961 903 206 1192 1111 1296 446 41 224 600 746 1593 1389 867 365 878 1093 1597 416 1018 593 1648 1558 236 192 1370 446 1360 
Store_38 1689 144 152 1533 1506 1625 1945 598 284 1791 1932 1010 371 1884 1022 69 1884 1098 291 1401 631 1669 222 87 1191 1300 790 97 1517 528 990 1201 1229 1478 307 1350 666 272 0 1339 961 273 1069 298 349 701 167 1261 1118 1259 1887 1475 1719 1010 495 1389 513 542 1377 198 706 568 494 261 505 935 416 653 1175 840 14 1221 1414 1416 278 104 100 263 78 3 727 688 1605 1427 459 776 1158 1965 897 423 303 790 223 278 1744 115 1649 387 947 1017 1462 566 1160 1765 1676 686 1953 1988 1886 999 
Store_39 1914 1186 348 1107 1933 1929 1234 373 1679 948 840 989 1333 1019 197 1248 1297 1901 6 485 504 1763 1110 1892 1761 395 1863 722 319 1598 1594 647 1621 224 1022 1764 1897 288 1339 0 1573 716 1018 9 1729 1473 1490 918 703 1121 477 1699 537 1565 1987 1004 1080 1463 1324 1870 1912 22 1242 401 1361 755 1966 1796 1693 416 312 1196 362 1240 1653 1531 1958 1145 1297 239 254 1005 479 596 1905 561 937 1010 278 930 142 1156 1347 693 1270 1062 465 1215 31 1191 1376 1802 251 1125 1148 1656 138 916 757 207 
Store_40 1881 851 159 1953 433 616 370 137 1533 1728 898 1260 492 694 462 513 260 1527 266 199 578 680 714 86 388 507 201 674 1871 429 872 1148 1545 1320 349 320 238 755 961 1573 0 1722 227 988 274 1464 520 1494 1457 1659 409 1782 1775 1581 1423 553 1495 1156 1772 1501 1134 1570 688 204 1930 443 1596 139 230 742 92 1357 740 237 1470 1920 1591 314 678 23 876 1264 1861 1893 1596 721 1162 317 857 96 438 602 1459 405 1573 310 266 582 9 278 1266 1590 163 617 1793 1312 1332 1247 1036 70 
Store_41 1273 1432 1638 1504 413 812 344 824 1158 1346 1172 267 1757 202 273 1292 1847 1125 1607 1498 1003 240 311 84 432 1653 1099 1367 1436 357 460 1130 1648 892 464 4 405 1759 273 716 1722 0 721 1338 284 659 614 594 612 1492 1685 294 362 771 608 854 118 1509 57 1496 456 1171 351 1489 550 1237 983 208 476 224 1945 1047 1161 1001 1856 1679 1923 218 30 994 1532 755 861 1516 291 728 639 1954 25 1271 833 630 1727 824 1635 1423 1199 1913 494 727 578 1962 1758 1262 1371 1212 1338 1535 323 733 
Store_42 1731 799 1946 1358 1976 359 1112 1181 362 1796 1778 1425 1212 1261 2 1626 750 407 1599 197 1388 91 715 130 1909 346 1656 1135 852 1783 1775 1259 373 1681 6 1999 698 1569 1069 1018 227 721 0 180 1712 1321 19 1808 76 702 777 387 185 1632 984 1778 364 24 168 1773 781 822 1895 1539 1922 741 793 86 1764 403 1202 89 1726 338 29 1020 800 1736 202 980 1703 500 1303 916 236 1380 1495 326 1724 998 1126 1528 1940 1227 400 1498 283 1277 551 966 1034 475 43 1174 148 785 710 1384 821 1482 
Store_43 1979 1132 922 849 1136 1541 1629 1074 1854 1142 1335 484 842 1667 1658 1035 1919 1628 36 1340 358 217 122 1849 936 1296 33 41 1906 1067 871 1837 86 106 933 92 549 1389 298 9 988 1338 180 0 770 110 33 1744 661 1953 998 110 1302 1550 1050 1937 952 633 1645 1215 1970 1823 589 896 178 631 1450 158 849 1414 507 599 160 1075 890 1856 888 1697 822 764 421 66 1277 257 1001 1792 57 1764 1996 1689 1084 227 1385 254 473 386 1336 647 892 450 819 586 1672 436 1451 1209 449 1729 1535 1229 
Store_44 1859 255 284 1239 1819 1593 1599 23 1863 1634 1644 1744 1587 1845 508 461 1117 384 1464 482 987 1808 1172 1466 178 708 1268 1699 962 1858 769 1581 692 902 438 509 66 214 349 1729 274 284 1712 770 0 1170 1548 843 1927 1618 62 67 1847 705 41 1294 96 161 1133 1691 1018 1078 1456 1403 1482 654 987 1616 511 1362 727 363 789 1784 160 1782 138 1438 677 1971 1256 202 1645 1823 1682 884 121 816 1967 797 1088 761 205 1382 1209 1210 347 787 1023 1193 831 229 1765 1308 1955 143 1529 1296 1566 764 
Store_45 870 1501 308 1124 178 654 68 1107 1326 447 709 727 173 130 493 1242 764 69 1532 549 189 819 1772 835 1476 1324 1986 1363 1047 221 1640 1417 871 1997 461 1663 376 1547 701 1473 1464 659 1321 110 1170 0 390 1893 845 548 1158 257 804 914 1238 1108 1869 1014 684 1633 40 1756 1612 1280 482 421 1116 1382 383 70 1298 1511 1917 1084 1498 1817 876 1644 527 849 1453 1094 1014 1656 221 1152 231 1316 619 1602 371 938 914 1318 311 1242 578 28 1527 631 816 722 796 179 752 715 1035 498 1323 1006 
Store_46 1500 1187 45 52 840 887 353 845 1769 712 873 714 239 98 20 1734 1436 1433 1125 509 1200 357 570 628 1717 385 1007 1923 1132 578 1754 121 1708 812 797 1003 1841 1786 167 1490 520 614 19 33 1548 390 0 1706 1771 457 1365 924 1450 57 46 1360 1453 1107 1502 1473 594 1043 1262 742 1466 1141 1037 1180 1815 324 1019 1378 1763 320 1671 532 1985 399 1600 504 1034 1132 1289 1778 308 545 1734 682 406 1986 426 392 465 422 961 1432 598 1552 1096 1166 1667 1329 630 1991 1860 1204 1676 1316 886 764 
Store_47 1684 1805 1582 525 1401 1855 48 547 1511 1208 468 461 770 569 400 839 462 1065 607 739 486 1663 1467 583 1171 1159 1521 250 1609 610 182 1089 763 1816 1732 1397 1831 624 1261 918 1494 594 1808 1744 843 1893 1706 0 1067 299 1645 1488 1336 1131 1723 736 1517 873 1894 1295 1097 1112 1927 1357 619 749 428 1943 465 1128 1942 566 1396 1010 145 24 449 292 830 499 1553 1976 563 526 1861 1820 1924 1034 1442 970 1119 240 1679 1850 176 1226 1002 832 1045 1473 272 29 777 831 59 962 1215 92 226 59 
Store_48 1712 1036 1031 644 960 1282 1862 1623 1530 4 1248 1154 241 1314 1743 1614 566 1678 1867 252 1235 640 408 1215 1465 1105 1072 978 1882 1541 1954 1583 677 758 842 1848 1436 20 1118 703 1457 612 76 661 1927 845 1771 1067 0 1396 1583 1146 235 535 1249 1281 1246 1981 494 1549 1846 477 629 1826 979 21 1588 831 614 1457 1703 124 1942 623 1134 545 35 110 840 1436 660 86 61 1339 1951 206 737 1233 368 331 1040 659 1319 480 456 40 1023 1626 1895 1989 608 207 165 1000 27 1100 797 1146 699 1115 
Store_49 118 1257 1536 1770 1882 527 1018 1444 338 1004 875 1604 522 1251 1940 1741 1682 883 1144 1338 561 793 142 567 636 964 1146 641 1613 720 306 296 320 1848 575 888 574 1757 1259 1121 1659 1492 702 1953 1618 548 457 299 1396 0 1903 1788 166 513 1984 1350 94 92 499 927 1572 970 16 108 485 1679 1505 1380 1391 248 670 30 54 1819 1457 146 1424 647 1747 1542 1475 1866 1388 1976 1748 920 1060 1366 1461 1624 654 269 1763 515 838 1807 1840 1268 813 346 1424 203 384 708 703 734 177 965 947 356 
Store_50 1820 466 1229 303 1893 532 231 1994 647 325 1043 931 1565 1835 972 166 397 1065 1437 1282 1913 1947 985 522 841 1817 1773 1561 28 730 67 1383 1657 1986 794 77 1165 722 1887 477 409 1685 777 998 62 1158 1365 1645 1583 1903 0 537 719 1238 1238 646 1902 574 1127 793 860 1976 1913 459 28 310 492 1382 1831 985 1643 77 241 916 41 1292 1818 383 1660 1008 478 1097 974 1277 948 1537 908 1898 359 1635 315 1456 789 618 1007 1032 1066 727 1000 1810 315 1316 917 997 1351 1455 598 529 842 1198 
Store_51 522 946 1262 153 1966 3 1905 223 878 982 197 912 151 635 1278 135 1816 1048 730 764 974 7 1284 1679 1119 1541 1455 1473 1210 1716 645 347 1384 1192 1213 1521 713 1813 1475 1699 1782 294 387 110 67 257 924 1488 1146 1788 537 0 817 1522 642 720 309 1361 441 652 1824 1342 14 1891 368 1931 1691 1714 1582 497 685 1151 1460 1762 235 1247 1387 781 1683 364 1887 1255 1891 1727 118 1780 741 811 1576 900 1635 1810 1368 198 1357 636 709 371 37 336 341 955 1377 1667 224 1504 1888 1615 250 1290 
Store_52 1714 1652 1691 1467 47 240 1079 830 1989 1564 1037 939 1553 269 1346 1948 328 852 1094 891 1644 589 1090 298 200 1343 930 1013 958 465 1894 286 981 532 18 1935 942 166 1719 537 1775 362 185 1302 1847 804 1450 1336 235 166 719 817 0 875 1828 1101 114 686 1642 26 118 1478 212 1938 511 946 1733 993 581 316 389 840 1650 753 624 1010 1879 1429 1526 1931 370 1013 1917 484 641 302 768 1508 671 1047 837 1268 330 516 830 348 667 1792 525 1811 1399 670 4 1344 1948 1878 346 1864 1999 1779 
Store_53 239 278 747 1299 1622 1954 694 1394 1991 736 1924 148 174 1954 339 1297 1110 879 936 266 48 442 573 19 554 1384 393 1228 1189 1512 92 93 1128 828 1346 1611 120 644 1010 1565 1581 771 1632 1550 705 914 57 1131 535 513 1238 1522 875 0 695 1725 1150 670 1151 1477 1938 435 1819 1889 329 621 19 1227 1040 1412 458 1579 211 870 329 1983 1277 152 532 1853 1451 1015 967 1300 791 505 1308 556 1343 1575 698 1674 1046 608 850 1668 1838 775 980 1340 236 382 1328 1277 1474 208 1421 1256 1223 1417 
Store_54 1331 325 119 713 1564 18 270 972 1645 298 958 351 347 777 1101 1322 1277 641 1841 533 1507 941 1226 1831 560 519 815 1887 1122 1905 572 1559 1693 388 27 971 429 333 495 1987 1423 608 984 1050 41 1238 46 1723 1249 1984 1238 642 1828 695 0 1084 727 1059 557 1658 371 615 1497 1675 1778 1163 1548 471 1833 1420 1445 1725 286 1158 1793 1252 1242 76 1940 494 1267 856 1736 762 1433 401 402 1576 1704 643 158 896 420 826 987 1876 1214 1737 1535 646 1661 1240 668 1749 1761 1480 1668 1154 1410 567 
Store_55 1344 1798 1022 1893 1550 49 1269 319 1222 88 213 1974 648 457 490 18 1894 446 1816 348 705 1474 600 103 1464 1928 1376 62 1935 1424 607 705 847 538 1741 1776 307 1639 1389 1004 553 854 1778 1937 1294 1108 1360 736 1281 1350 646 720 1101 1725 1084 0 875 1506 245 447 599 196 7 139 1842 1204 787 925 246 1990 774 668 539 5 1693 217 909 901 828 564 738 151 229 1738 699 1074 1429 166 674 1839 142 812 313 1054 1574 260 407 1860 1570 235 856 435 583 1266 1101 71 1648 1294 979 1443 
Store_56 1431 1631 438 858 165 1726 1064 31 1546 1670 1093 842 858 53 965 474 870 397 1070 1517 1410 1589 33 728 611 1141 1996 1298 1340 1687 891 1979 1578 195 1656 1080 1896 1808 513 1080 1495 118 364 952 96 1869 1453 1517 1246 94 1902 309 114 1150 727 875 0 98 553 1886 1376 218 1805 1464 723 1875 889 637 56 310 316 156 476 928 78 478 1793 889 1422 1002 886 1303 1070 331 833 1971 1415 351 888 399 1994 1719 1361 277 778 751 1489 45 1840 1375 934 1388 559 93 1683 1265 1562 1540 1852 1049 
Store_57 1497 669 1107 584 1458 1461 568 1498 891 361 174 515 1605 173 1869 1492 1829 601 1856 1339 136 979 1974 1715 1938 1548 1566 867 348 496 1072 946 591 389 549 1407 1640 96 542 1463 1156 1509 24 633 161 1014 1107 873 1981 92 574 1361 686 670 1059 1506 98 0 526 388 1749 1184 387 382 1861 1062 1543 1998 515 74 1066 1388 394 1052 1559 785 1741 1887 406 629 1316 395 1762 463 933 805 1547 1028 1229 669 1522 413 190 251 1364 1189 306 8 324 324 1447 1573 1290 1007 1676 335 1730 49 1891 1271 
Store_58 431 122 1982 1436 661 713 447 1408 1097 1624 1391 1740 372 754 1042 1817 1970 187 1880 195 35 187 1403 1996 1700 957 36 1260 1946 265 901 1806 849 442 120 1790 1732 316 1377 1324 1772 57 168 1645 1133 684 1502 1894 494 499 1127 441 1642 1151 557 245 553 526 0 777 1835 799 601 1972 1278 1544 1585 1734 1534 1335 1091 179 249 27 1361 775 659 1702 1861 461 1 1626 1633 1327 977 1539 1524 344 138 407 1155 507 1021 843 1534 1246 939 599 1311 1308 648 142 781 927 360 274 1909 175 1550 899 
Store_59 376 565 1981 1207 1914 1757 1321 1580 1774 1389 1427 1200 1883 968 868 1081 1656 1509 538 76 1718 857 1711 1997 1599 173 281 668 1956 64 1171 296 851 828 558 244 1852 1365 198 1870 1501 1496 1773 1215 1691 1633 1473 1295 1549 927 793 652 26 1477 1658 447 1886 388 777 0 1285 475 885 1989 1585 1246 839 1933 544 111 1759 1360 685 831 365 658 132 846 639 1600 1608 654 354 150 352 192 432 703 1600 1597 1621 942 144 612 342 823 1513 1537 413 499 1802 412 626 714 197 436 158 164 601 1047 
Store_60 1552 856 121 1374 1221 718 1322 167 1789 1949 919 730 1563 315 1107 994 408 155 682 449 948 740 1881 697 1655 752 1450 930 351 949 293 1038 1276 752 938 73 964 275 706 1912 1134 456 781 1970 1018 40 594 1097 1846 1572 860 1824 118 1938 371 599 1376 1749 1835 1285 0 1305 927 743 374 1565 643 1429 1252 1481 1691 505 1963 767 894 1674 1997 151 657 1131 1917 164 698 978 140 784 653 1549 1139 1076 267 413 1348 673 387 966 147 1929 1682 1166 595 1856 1600 1481 1024 835 364 329 1062 456 
Store_61 1649 1578 1659 1287 1114 1966 605 566 1261 296 1092 670 1605 1286 464 1567 1968 19 99 1674 544 643 550 545 353 1900 1171 1245 55 1931 1180 7 1250 1822 822 432 969 624 568 22 1570 1171 822 1823 1078 1756 1043 1112 477 970 1976 1342 1478 435 615 196 218 1184 799 475 1305 0 1914 1700 152 1412 110 1217 1874 1909 574 961 1095 1136 1674 1659 1908 1472 1787 178 653 549 1396 1500 988 1491 8 1096 383 1162 1701 30 378 308 744 1181 438 375 1760 1567 802 1678 1690 877 1974 1405 722 760 1885 800 
Store_62 454 107 1185 108 1809 1279 765 103 942 121 477 1737 1580 654 825 159 1551 249 1315 1671 226 728 1989 953 784 990 1911 1889 1393 1475 1287 1397 1032 1483 628 1402 804 95 494 1242 688 351 1895 589 1456 1612 1262 1927 629 16 1913 14 212 1819 1497 7 1805 387 601 885 927 1914 0 49 873 1129 921 793 935 1378 202 682 321 1616 1910 1412 837 116 1604 1670 1985 476 1954 496 1036 1903 96 585 484 1532 1295 801 659 1529 1344 1008 460 425 1486 1659 196 1433 236 558 249 63 1785 4 1378 51 
Store_63 119 1279 755 584 227 1553 1539 1501 594 600 617 1619 61 16 1921 1090 1831 1456 72 983 373 1004 674 1409 638 685 419 1137 1991 1524 640 905 530 665 1307 957 1517 1902 261 401 204 1489 1539 896 1403 1280 742 1357 1826 108 459 1891 1938 1889 1675 139 1464 382 1972 1989 743 1700 49 0 890 442 616 1656 1370 317 828 1459 1559 518 972 443 1780 1751 170 219 1049 1022 1437 1407 1482 484 1206 1571 930 1730 1658 1263 1701 1771 1676 269 1813 1977 1482 153 1247 241 194 825 449 1402 26 1856 1690 983 
Store_64 182 981 749 1111 881 429 572 268 101 1879 1915 422 1287 1540 404 1488 907 1140 1636 1160 1970 1634 1921 422 848 1216 920 467 241 151 208 1689 498 1906 1817 986 580 257 505 1361 1930 550 1922 178 1482 482 1466 619 979 485 28 368 511 329 1778 1842 723 1861 1278 1585 374 152 873 890 0 1600 978 1592 959 955 1215 1748 885 1500 615 1044 464 563 851 1870 1532 333 199 1818 146 294 845 321 1498 828 872 1643 1745 538 1959 1124 1628 1155 440 572 1475 1863 144 1140 646 1956 1944 82 709 1084 
Store_65 1551 1550 579 58 755 1515 611 1198 1893 494 1820 1395 1190 576 1449 1321 666 174 8 597 309 1967 1955 1967 83 764 1776 1283 742 375 1156 124 669 1593 966 1446 765 571 935 755 443 1237 741 631 654 421 1141 749 21 1679 310 1931 946 621 1163 1204 1875 1062 1544 1246 1565 1412 1129 442 1600 0 1976 1651 1915 1230 419 887 433 368 504 996 1326 368 64 242 1109 354 899 1760 1229 344 1857 569 1279 1724 888 1878 382 337 479 833 352 1648 1010 966 760 1540 1158 1787 1236 1865 1595 761 1877 585 
Store_66 1565 1508 1228 1569 635 719 1098 1716 169 1367 1812 1386 1826 1805 1987 824 954 1184 440 500 355 1222 1347 37 270 1063 141 1429 1164 1684 1643 98 1468 436 1289 1136 922 1013 416 1966 1596 983 793 1450 987 1116 1037 428 1588 1505 492 1691 1733 19 1548 787 889 1543 1585 839 643 110 921 616 978 1976 0 1768 1043 547 1033 619 903 1144 1367 1058 154 370 587 776 301 1907 1633 675 706 473 1985 1869 1815 1072 521 1198 376 1324 366 1272 1409 1572 899 1278 1015 1769 1265 1587 133 508 1955 1601 1826 498 
Store_67 1310 18 380 1620 1890 451 1004 181 1503 961 616 1475 1767 1548 201 642 67 413 47 570 409 248 988 516 1806 1181 1465 952 520 1657 1851 1420 1131 151 1773 598 1329 1037 653 1796 139 208 86 158 1616 1382 1180 1943 831 1380 1382 1714 993 1227 471 925 637 1998 1734 1933 1429 1217 793 1656 1592 1651 1768 0 1384 1492 838 1583 582 1482 558 1264 53 1903 1728 1928 1908 1259 55 279 301 1344 40 311 507 1273 687 1996 959 1631 1302 983 318 932 1764 226 656 293 1311 1130 547 1236 323 529 1892 688 
Store_68 1562 136 1218 229 775 925 1099 1856 256 1666 359 1140 1084 1774 1090 677 1109 1536 666 975 967 562 491 1215 1616 1038 533 1677 1288 1957 1049 1265 1484 1267 182 469 875 1605 1175 1693 230 476 1764 849 511 383 1815 465 614 1391 1831 1582 581 1040 1833 246 56 515 1534 544 1252 1874 935 1370 959 1915 1043 1384 0 1167 1245 1177 440 1263 891 1370 928 1578 317 1407 1635 1730 1831 116 159 1815 1832 1257 1753 211 1652 172 871 1104 387 1674 890 209 1265 1131 451 1232 1053 167 557 80 764 247 446 1731 
Store_69 1704 303 1931 881 1219 240 1675 1456 459 1662 263 1259 1082 892 1788 895 1205 981 1278 724 67 998 1006 1166 1894 740 294 377 143 901 1543 946 674 1279 1819 929 790 1984 840 416 742 224 403 1414 1362 70 324 1128 1457 248 985 497 316 1412 1420 1990 310 74 1335 111 1481 1909 1378 317 955 1230 547 1492 1167 0 914 536 7 1097 316 966 804 1184 305 326 467 177 1299 754 1263 1003 510 1802 741 246 60 1335 973 876 212 878 1835 1118 1854 1117 372 292 1814 1024 1827 292 1650 454 489 1890 
Store_70 1736 87 1871 1090 1239 808 1502 1982 1596 198 724 448 1465 1255 812 1340 14 484 1935 1969 1102 1279 579 938 995 414 601 1463 601 1270 1968 1998 84 1998 534 561 965 242 14 312 92 1945 1202 507 727 1298 1019 1942 1703 670 1643 685 389 458 1445 774 316 1066 1091 1759 1691 574 202 828 1215 419 1033 838 1245 914 0 1681 1361 307 495 1095 842 1769 369 1330 1810 701 81 1609 9 847 357 203 124 345 275 642 1442 739 48 1017 1694 1614 768 814 1538 1869 648 1297 65 438 1407 1162 1624 1931 
Store_71 1557 1798 217 1427 1368 1065 997 477 820 1679 67 210 1880 187 600 1416 1268 366 64 516 21 1124 483 901 1715 1605 1160 1827 1458 258 1279 407 624 238 1718 246 881 1305 1221 1196 1357 1047 89 599 363 1511 1378 566 124 30 77 1151 840 1579 1725 668 156 1388 179 1360 505 961 682 1459 1748 887 619 1583 1177 536 1681 0 645 1814 1653 1078 446 1226 1669 485 1141 76 1996 860 959 1272 553 132 1603 326 261 1877 23 779 1369 1906 259 1340 960 1079 141 774 548 847 1669 166 32 540 1246 453 
Store_72 455 91 484 685 34 1935 703 1873 1746 676 1620 1703 1946 1801 974 214 150 281 106 1396 1748 989 163 1775 814 1111 1068 1339 971 339 1868 1277 159 1693 640 1126 1350 1245 1414 362 740 1161 1726 160 789 1917 1763 1396 1942 54 241 1460 1650 211 286 539 476 394 249 685 1963 1095 321 1559 885 433 903 582 440 7 1361 645 0 560 60 509 760 980 1699 613 731 1754 1292 1367 811 979 1052 757 538 701 1223 21 720 322 445 1373 1693 1978 1576 1446 747 1694 512 1542 1157 233 548 1939 1808 297 
Store_73 267 1540 1390 1176 704 1034 1490 951 1830 69 1191 1659 1212 1525 1512 759 796 165 254 1730 1126 1455 14 650 502 508 1995 827 1764 1891 262 818 1205 293 33 153 772 362 1416 1240 237 1001 338 1075 1784 1084 320 1010 623 1819 916 1762 753 870 1158 5 928 1052 27 831 767 1136 1616 518 1500 368 1144 1482 1263 1097 307 1814 560 0 609 1011 477 832 1401 250 183 1424 779 1714 816 1310 779 147 1067 192 516 1332 446 1071 303 710 1147 1649 691 1494 1407 897 362 1671 448 1765 621 266 1285 63 
Store_74 1271 144 128 784 246 545 1598 1443 1122 1940 1790 70 1142 703 1447 755 715 1609 1912 1771 695 61 255 1360 1997 1873 67 1467 300 560 226 548 1900 145 230 1704 1781 1957 278 1653 1470 1856 29 890 160 1498 1671 145 1134 1457 41 235 624 329 1793 1693 78 1559 1361 365 894 1674 1910 972 615 504 1367 558 891 316 495 1653 60 609 0 151 1097 335 160 860 467 1022 883 66 1674 1572 875 190 1293 67 32 1351 1621 69 1882 1203 782 143 1505 1074 756 622 537 1121 896 1525 1358 1900 758 1988 
Store_75 1027 1779 1632 1258 68 159 903 338 40 1435 1296 409 165 1915 1571 1463 358 1499 740 686 12 410 877 599 1299 764 720 1010 471 1154 1593 1260 1995 1515 867 1635 11 404 104 1531 1920 1679 1020 1856 1782 1817 532 24 545 146 1292 1247 1010 1983 1252 217 478 785 775 658 1674 1659 1412 443 1044 996 1058 1264 1370 966 1095 1078 509 1011 151 0 1158 1188 1287 1301 178 1363 1521 546 746 755 341 707 1443 1710 371 1001 1737 1958 767 869 1894 13 165 1767 976 1099 1391 1446 1968 1264 889 312 1632 924 
Store_76 1125 1522 1563 294 870 45 1830 1422 2 1125 1304 142 623 1185 1065 1925 1384 229 624 1038 624 1085 1459 1672 1599 237 518 200 1798 1194 1962 527 1068 1479 713 757 1007 544 100 1958 1591 1923 800 888 138 876 1985 449 35 1424 1818 1387 1879 1277 1242 909 1793 1741 659 132 1997 1908 837 1780 464 1326 154 53 928 804 842 446 760 477 1097 1158 0 1050 1907 1740 1884 1612 1450 1217 1469 1385 702 739 673 789 855 1910 208 1135 364 1445 453 146 1034 1993 1529 277 244 1892 1804 1609 1498 183 1663 797 
Store_77 231 986 456 827 975 534 256 1973 427 410 216 1083 1879 1820 1103 1899 1963 358 1938 1799 1820 448 1053 671 1313 1479 1708 1932 500 1605 1530 1835 449 1409 1861 1151 1366 336 263 1145 314 218 1736 1697 1438 1644 399 292 110 647 383 781 1429 152 76 901 889 1887 1702 846 151 1472 116 1751 563 368 370 1903 1578 1184 1769 1226 980 832 335 1188 1050 0 1742 391 504 858 1943 549 1317 810 16 1138 1266 1140 673 1661 1733 136 1459 1645 755 1878 1775 1397 1214 1522 989 1640 980 181 97 267 1054 307 
Store_78 168 1010 647 1836 759 612 504 197 169 1604 537 1406 247 1026 1790 1588 1401 1488 7 1609 385 1035 568 1821 1746 486 818 1052 1887 741 1194 1948 208 1386 1427 1228 1779 107 78 1297 678 30 202 822 677 527 1600 830 840 1747 1660 1683 1526 532 1940 828 1422 406 1861 639 657 1787 1604 170 851 64 587 1728 317 305 369 1669 1699 1401 160 1287 1907 1742 0 730 1686 1 839 1180 173 427 1302 849 1566 1030 211 871 1343 31 1875 1348 1394 1172 571 6 1239 780 17 1723 1699 1084 1385 1079 586 686 
Store_79 1324 1772 1594 524 281 1035 1797 370 744 49 202 1199 789 635 1731 1378 331 1871 1378 173 1533 1999 1415 1093 629 152 209 1666 1013 1870 283 722 1300 1486 184 909 1289 1766 3 239 23 994 980 764 1971 849 504 499 1436 1542 1008 364 1931 1853 494 564 1002 629 461 1600 1131 178 1670 219 1870 242 776 1928 1407 326 1330 485 613 250 860 1301 1740 391 730 0 1285 548 1876 1147 1514 1684 1485 484 233 1198 100 292 730 695 1175 1183 417 36 509 1236 1072 1628 847 1615 606 593 784 77 154 1326 
Store_80 844 744 120 1131 857 681 74 639 1761 119 429 133 877 488 1723 1059 1811 1432 848 258 78 1323 138 1707 428 667 215 1872 109 863 1571 160 91 632 335 865 1003 1567 727 254 876 1532 1703 421 1256 1453 1034 1553 660 1475 478 1887 370 1451 1267 738 886 1316 1 1608 1917 653 1985 1049 1532 1109 301 1908 1635 467 1810 1141 731 183 467 178 1884 504 1686 1285 0 136 221 976 1498 117 88 1541 427 1737 66 789 1799 1271 1559 11 431 1805 594 1220 26 1377 747 1006 829 558 968 1929 317 698 
Store_81 980 1992 1683 1076 716 438 1240 1613 1843 748 1377 1229 256 887 1728 419 499 699 1151 1855 1211 343 1746 3 929 1125 1086 1790 576 1823 592 1160 838 753 1056 54 924 957 688 1005 1264 755 500 66 202 1094 1132 1976 86 1866 1097 1255 1013 1015 856 151 1303 395 1626 654 164 549 476 1022 333 354 1907 1259 1730 177 701 76 1754 1424 1022 1363 1612 858 1 548 136 0 250 1748 1550 597 1936 601 18 104 154 609 184 323 895 1757 1368 456 1300 1695 1679 350 1625 1971 520 892 1913 275 1612 620 
Store_82 1530 18 1494 86 13 1749 1753 1321 1412 1094 1331 1155 590 1533 824 468 400 1047 503 54 43 835 248 1647 413 773 1614 380 382 1425 1976 801 1588 1793 1246 1110 970 961 1605 479 1861 861 1303 1277 1645 1014 1289 563 61 1388 974 1891 1917 967 1736 229 1070 1762 1633 354 698 1396 1954 1437 199 899 1633 55 1831 1299 81 1996 1292 779 883 1521 1450 1943 839 1876 221 250 0 206 575 474 1300 1298 1038 1201 1186 24 448 1813 1612 387 1347 1224 1875 1826 1091 1653 637 1736 597 244 5 386 1732 559 
Store_83 1170 668 572 444 275 1525 1652 1998 926 1250 1463 1030 393 1172 1509 654 1937 1157 1818 1112 1370 851 1871 140 1184 1003 1277 825 975 557 1303 1066 325 1196 110 1618 899 903 1427 596 1893 1516 916 257 1823 1656 1778 526 1339 1976 1277 1727 484 1300 762 1738 331 463 1327 150 978 1500 496 1407 1818 1760 675 279 116 754 1609 860 1367 1714 66 546 1217 549 1180 1147 976 1748 206 0 1187 744 661 641 1833 725 758 614 1349 433 701 317 987 1204 1210 237 101 1000 360 444 1832 1382 146 1023 1730 1829 
Store_84 1167 1292 645 1014 135 1273 1186 782 1988 742 1580 1646 1032 1796 1626 1394 731 545 587 1590 914 1327 1334 1858 1329 872 347 1469 5 280 1612 376 122 1217 1892 408 988 206 459 1905 1596 291 236 1001 1682 221 308 1861 1951 1748 948 118 641 791 1433 699 833 933 977 352 140 988 1036 1482 146 1229 706 301 159 1263 9 959 811 816 1674 746 1469 1317 173 1514 1498 1550 575 1187 0 1646 1011 630 1335 281 592 1632 1289 415 1219 611 1814 621 1917 1440 58 164 658 1522 893 466 1899 1417 1264 987 
Store_85 1988 1775 1494 132 945 153 1468 1570 743 841 575 397 1125 52 436 517 1900 1524 923 212 1500 727 1819 337 1930 1943 1495 1487 1504 466 1940 714 1688 936 582 987 1443 1192 776 561 721 728 1380 1792 884 1152 545 1820 206 920 1537 1780 302 505 401 1074 1971 805 1539 192 784 1491 1903 484 294 344 473 1344 1815 1003 847 1272 979 1310 1572 755 1385 810 427 1684 117 597 474 744 1646 0 471 1173 1363 495 1268 151 1844 700 20 1257 1977 1630 1588 581 13 623 3 1858 1522 1252 1457 914 1318 886 
Store_86 1435 1856 1720 1692 60 193 1011 395 1287 1244 1336 529 277 46 1199 15 325 1986 406 1502 1701 538 1515 377 1654 652 1072 1690 330 1752 952 207 769 1506 526 879 1535 1111 1158 937 1162 639 1495 57 121 231 1734 1924 737 1060 908 741 768 1308 402 1429 1415 1547 1524 432 653 8 96 1206 845 1857 1985 40 1832 510 357 553 1052 779 875 341 702 16 1302 1485 88 1936 1300 661 1011 471 0 830 881 628 1207 1177 1528 401 1630 1620 820 1745 538 1297 1594 1321 1973 91 1513 669 1074 1842 82 1776 
Store_87 73 1659 482 841 1259 26 679 244 53 396 1473 1334 524 1577 1018 591 57 1907 504 283 1635 1337 1902 269 949 1345 568 1837 99 484 1053 177 969 350 808 504 413 1296 1965 1010 317 1954 326 1764 816 1316 682 1034 1233 1366 1898 811 1508 556 1576 166 351 1028 344 703 1549 1096 585 1571 321 569 1869 311 1257 1802 203 132 757 147 190 707 739 1138 849 484 1541 601 1298 641 630 1173 830 0 1685 1500 719 1695 607 725 1208 1661 808 1199 520 737 1648 974 465 755 1219 567 532 714 1134 67 
Store_88 751 667 1527 944 1603 822 84 12 567 1516 174 732 1428 1778 64 1632 989 877 65 1732 1188 1646 1519 1334 1472 1317 957 550 1924 1648 1606 385 1572 852 806 98 1305 446 897 278 857 25 1724 1996 1967 619 406 1442 368 1461 359 1576 671 1343 1704 674 888 1229 138 1600 1139 383 484 930 1498 1279 1815 507 1753 741 124 1603 538 1067 1293 1443 673 1266 1566 233 427 18 1038 1833 1335 1363 881 1685 0 1766 776 1686 1279 1247 206 1515 1388 1542 1186 983 1235 1401 240 670 678 529 405 1303 1098 899 
Store_89 633 1719 1632 398 1871 272 1133 1685 454 4 1663 640 1298 1636 110 1088 267 570 915 63 880 717 1789 37 559 589 673 72 129 979 391 484 745 411 189 469 39 41 423 930 96 1271 998 1689 797 1602 1986 970 331 1624 1635 900 1047 1575 643 1839 399 669 407 1597 1076 1162 1532 1730 828 1724 1072 1273 211 246 345 326 701 192 67 1710 789 1140 1030 1198 1737 104 1201 725 281 495 628 1500 1766 0 643 937 1487 1589 122 749 1707 70 1554 1010 97 110 70 1540 1768 713 1612 578 1062 1745 
Store_90 754 717 1497 1205 1679 1533 16 1071 1456 1244 716 327 1174 1379 1609 1585 1140 174 1209 1112 1606 77 885 1394 896 1509 1295 564 901 487 960 62 33 435 686 821 350 224 303 142 438 833 1126 1084 1088 371 426 1119 1040 654 315 1635 837 698 158 142 1994 1522 1155 1621 267 1701 1295 1658 872 888 521 687 1652 60 275 261 1223 516 32 371 855 673 211 100 66 154 1186 758 592 1268 1207 719 776 643 0 977 195 254 1451 744 934 1782 1548 325 1213 1665 294 1819 153 1395 1737 715 1456 878 
Store_91 1181 100 1481 1564 794 990 713 1875 1015 1308 709 1083 889 757 1263 1952 1184 1938 185 592 1839 613 1801 1805 585 1846 1377 1426 446 1114 1914 1085 477 651 1724 1578 1556 600 790 1156 602 630 1528 227 761 938 392 240 659 269 1456 1810 1268 1674 896 812 1719 413 507 942 413 30 801 1263 1643 1878 1198 1996 172 1335 642 1877 21 1332 1351 1001 1910 1661 871 292 789 609 24 614 1632 151 1177 1695 1686 937 977 0 1220 896 1066 955 1474 1539 990 1065 591 1854 796 1928 1152 1096 708 814 1187 501 
Store_92 1316 1189 1088 1753 869 208 1534 369 1096 1645 1808 666 735 1649 952 1069 835 430 1312 884 449 822 693 1114 756 150 795 889 17 1055 1220 443 766 587 1043 727 1248 746 223 1347 1459 1727 1940 1385 205 914 465 1679 1319 1763 789 1368 330 1046 420 313 1361 190 1021 144 1348 378 659 1701 1745 382 376 959 871 973 1442 23 720 446 1621 1737 208 1733 1343 730 1799 184 448 1349 1289 1844 1528 607 1279 1487 195 1220 0 1190 74 204 1464 1017 478 298 1188 1263 1476 1357 566 1722 287 1116 1812 670 
Store_93 61 1289 704 1693 1956 689 948 735 1331 1666 1498 1642 1869 857 114 1375 225 898 1719 1443 1267 441 1910 1503 1568 1310 1421 1558 1086 179 1415 705 816 1514 1777 1987 1442 1593 278 693 405 824 1227 254 1382 1318 422 1850 480 515 618 198 516 608 826 1054 277 251 843 612 673 308 1529 1771 538 337 1324 1631 1104 876 739 779 322 1071 69 1958 1135 136 31 695 1271 323 1813 433 415 700 401 725 1247 1589 254 896 1190 0 235 1377 1060 1565 1278 1800 669 1457 1801 1838 361 531 977 1995 1307 924 
Store_94 1099 428 1670 1514 1215 436 670 1400 1013 1126 1276 1447 514 632 1789 421 1364 1888 1980 847 839 1111 606 272 1365 830 1897 831 1470 222 900 479 559 168 1008 19 12 1389 1744 1270 1573 1635 400 473 1209 311 961 176 456 838 1007 1357 830 850 987 1574 778 1364 1534 342 387 744 1344 1676 1959 479 366 1302 387 212 48 1369 445 303 1882 767 364 1459 1875 1175 1559 895 1612 701 1219 20 1630 1208 206 122 1451 1066 74 235 0 1691 1084 1721 248 98 142 661 1241 1992 703 1699 1946 1264 1239 1913 
Store_95 1632 585 1135 1740 595 458 1407 1215 1081 875 493 195 1792 155 684 1467 1637 1104 889 484 143 934 1229 787 228 693 575 1509 501 1056 1911 471 652 736 1652 306 1102 867 115 1062 310 1423 1498 386 1210 1242 1432 1226 40 1807 1032 636 348 1668 1876 260 751 1189 1246 823 966 1181 1008 269 1124 833 1272 983 1674 878 1017 1906 1373 710 1203 869 1445 1645 1348 1183 11 1757 387 317 611 1257 1620 1661 1515 749 744 955 204 1377 1691 0 404 1374 325 95 1180 1575 1924 1894 1011 704 956 1721 100 814 
Store_96 1179 1061 1368 1640 1765 1137 1509 261 752 196 91 1729 1947 336 174 940 1101 647 1590 35 1315 583 501 1520 1750 1934 755 206 1037 97 1171 845 832 715 1751 537 299 365 1649 465 266 1199 283 1336 347 578 598 1002 1023 1840 1066 709 667 1838 1214 407 1489 306 939 1513 147 438 460 1813 1628 352 1409 318 890 1835 1694 259 1693 1147 782 1894 453 755 1394 417 431 1368 1347 987 1814 1977 820 808 1388 1707 934 1474 1464 1060 1084 404 0 296 215 1519 603 1009 1273 1608 1075 790 826 717 1160 1432 
Store_97 563 1698 1443 801 310 759 745 217 1070 1079 514 375 1920 1634 449 1212 1177 167 632 1022 1348 1632 986 1125 1212 383 895 1932 1249 811 131 1000 1769 6 1003 59 84 878 387 1215 582 1913 1277 647 787 28 1552 832 1626 1268 727 371 1792 775 1737 1860 45 8 599 1537 1929 375 425 1977 1155 1648 1572 932 209 1118 1614 1340 1978 1649 143 13 146 1878 1172 36 1805 456 1224 1204 621 1630 1745 1199 1542 70 1782 1539 1017 1565 1721 1374 296 0 1552 309 689 1807 1015 1318 609 669 1737 936 134 1624 
Store_98 1837 291 682 546 1872 1831 709 142 1929 606 1612 130 1245 149 1764 1146 651 959 1569 1864 821 1946 347 587 1329 1949 1574 1966 977 1515 1418 1673 51 1879 1173 1456 1481 1093 947 31 9 494 551 892 1023 1527 1096 1045 1895 813 1000 37 525 980 1535 1570 1840 324 1311 413 1682 1760 1486 1482 440 1010 899 1764 1265 1854 768 960 1576 691 1505 165 1034 1775 571 509 594 1300 1875 1210 1917 1588 538 520 1186 1554 1548 990 478 1278 248 325 215 1552 0 574 618 474 1309 20 1153 1234 3 1653 1792 79 
Store_99 231 1303 1952 1545 824 1462 869 1442 1199 146 330 1216 1410 174 672 80 556 606 247 627 1742 176 1662 377 1340 594 1842 1610 1773 475 1519 1202 1905 1516 286 204 1205 1597 1017 1191 278 727 966 450 1193 631 1166 1473 1989 346 1810 336 1811 1340 646 235 1375 324 1308 499 1166 1567 1659 153 572 966 1278 226 1131 1117 814 1079 1446 1494 1074 1767 1993 1397 6 1236 1220 1695 1826 237 1440 581 1297 737 983 1010 325 1065 298 1800 98 95 1519 309 574 0 1968 1109 1611 1843 543 1730 761 1028 341 75 
Location_0 1558 293 1590 1459 1081 1748 1305 843 1777 1915 1080 429 1554 643 284 97 1505 541 1149 968 892 365 1022 1536 1285 1977 167 1561 1280 1766 1902 1920 1266 224 1456 516 28 416 1462 1376 1266 578 1034 819 831 816 1667 272 608 1424 315 341 1399 236 1661 856 934 1447 648 1802 595 802 196 1247 1475 760 1015 656 451 372 1538 141 747 1407 756 976 1529 1214 1239 1072 26 1679 1091 101 58 13 1594 1648 1235 97 1213 591 1188 669 142 1180 603 689 618 1968 0 1072 937 339 1518 347 900 1661 1605 352 
Location_1 1462 1094 895 111 1529 1798 1681 795 1624 1991 455 387 1417 33 1392 1772 335 1762 167 423 1684 1180 1322 1973 565 1150 1025 1289 448 666 51 1714 790 1119 177 1541 1623 1018 566 1802 1590 1962 475 586 229 722 1329 29 207 203 1316 955 670 382 1240 435 1388 1573 142 412 1856 1678 1433 241 1863 1540 1769 293 1232 292 1869 774 1694 897 622 1099 277 1522 780 1628 1377 350 1653 1000 164 623 1321 974 1401 110 1665 1854 1263 1457 661 1575 1009 1807 474 1109 1072 0 1273 704 1613 1364 121 1169 1791 213 
Location_2 1302 279 639 1790 71 1173 1502 1515 1186 1228 1158 290 1935 1386 1951 809 784 645 1049 566 1613 97 377 338 1159 1288 1907 1838 516 1681 1452 1749 263 391 238 1503 824 593 1160 251 163 1758 43 1672 1765 796 630 777 165 384 917 1377 4 1328 668 583 559 1290 781 626 1600 1690 236 194 144 1158 1265 1311 1053 1814 648 548 512 362 537 1391 244 989 17 847 747 1625 637 360 658 3 1973 465 240 70 294 796 1476 1801 1241 1924 1273 1015 1309 1611 937 1273 0 415 1028 1720 1900 1054 1038 968 
Location_3 1579 766 1949 570 1732 1317 1465 819 1043 1504 812 793 270 1221 775 1194 1310 1069 706 43 186 1835 434 438 1197 680 1790 306 1027 1917 1165 497 754 1118 10 1164 1701 1648 1765 1125 617 1262 1174 436 1308 179 1991 831 1000 708 997 1667 1344 1277 1749 1266 93 1007 927 714 1481 877 558 825 1140 1787 1587 1130 167 1024 1297 847 1542 1671 1121 1446 1892 1640 1723 1615 1006 1971 1736 444 1522 1858 91 755 670 1540 1819 1928 1357 1838 1992 1894 1608 1318 20 1843 339 704 415 0 68 1502 1006 850 1089 289 
Location_4 1216 1222 1085 1102 14 785 1203 1283 994 1316 416 1984 542 7 616 1609 123 1087 141 924 942 363 1480 1975 166 807 87 89 1292 1746 1789 1370 526 283 650 256 194 1558 1676 1148 1793 1371 148 1451 1955 752 1860 59 27 703 1351 224 1948 1474 1761 1101 1683 1676 360 197 1024 1974 249 449 646 1236 133 547 557 1827 65 1669 1157 448 896 1968 1804 980 1699 606 829 520 597 1832 893 1522 1513 1219 678 1768 153 1152 566 361 703 1011 1075 609 1153 543 1518 1613 1028 68 0 1080 794 1054 1489 1679 
Location_5 1219 1779 68 64 1822 1827 966 241 1604 1618 346 543 286 17 1419 168 1469 491 1119 42 1913 9 904 783 1720 719 1546 865 491 92 417 149 205 229 1562 89 1509 236 686 1656 1312 1212 785 1209 143 715 1204 962 1100 734 1455 1504 1878 208 1480 71 1265 335 274 436 835 1405 63 1402 1956 1865 508 1236 80 292 438 166 233 1765 1525 1264 1609 181 1084 593 558 892 244 1382 466 1252 669 567 529 713 1395 1096 1722 531 1699 704 790 669 1234 1730 347 1364 1720 1502 1080 0 1631 296 1155 1473 
Location_6 137 125 1279 1387 193 790 419 1725 1459 25 512 688 1451 23 418 1196 989 1934 243 1436 586 902 380 564 511 965 628 720 594 1369 269 825 193 1203 705 181 1693 192 1953 138 1332 1338 710 449 1529 1035 1676 1215 797 177 598 1888 346 1421 1668 1648 1562 1730 1909 158 364 722 1785 26 1944 1595 1955 323 764 1650 1407 32 548 621 1358 889 1498 97 1385 784 968 1913 5 146 1899 1457 1074 532 405 1612 1737 708 287 977 1946 956 826 1737 3 761 900 121 1900 1006 794 1631 0 1023 129 159 
Location_7 1625 1986 1080 1661 607 1540 1509 1199 1005 585 96 884 1329 1920 962 527 1220 1458 912 830 1960 1546 1694 1717 361 227 713 1190 1098 1580 314 732 368 547 1273 345 1680 1370 1988 916 1247 1535 1384 1729 1296 498 1316 92 1146 965 529 1615 1864 1256 1154 1294 1540 49 175 164 329 760 4 1856 82 761 1601 529 247 454 1162 540 1939 266 1900 312 183 267 1079 77 1929 275 386 1023 1417 914 1842 714 1303 578 715 814 1116 1995 1264 1721 717 936 1653 1028 1661 1169 1054 850 1054 296 1023 0 772 507 
Location_8 1747 1381 293 299 1812 1421 1199 680 1954 239 559 1649 1968 348 1050 941 369 1282 353 624 1652 1782 684 1468 941 1232 1386 1356 277 511 1896 459 1512 230 796 275 807 446 1886 757 1036 323 821 1535 1566 1323 886 226 699 947 842 250 1999 1223 1410 979 1852 1891 1550 601 1062 1885 1378 1690 709 1877 1826 1892 446 489 1624 1246 1808 1285 758 1632 1663 1054 586 154 317 1612 1732 1730 1264 1318 82 1134 1098 1062 1456 1187 1812 1307 1239 100 1160 134 1792 341 1605 1791 1038 1089 1489 1155 129 772 0 1962 
Location_9 1173 703 1453 304 1345 1198 1038 1035 16 586 637 484 807 2 1863 959 1850 678 1742 370 859 1937 346 1409 1103 1356 1099 1997 789 368 731 774 1651 1927 1025 461 1953 1360 999 207 70 733 1482 1229 764 1006 764 59 1115 356 1198 1290 1779 1417 567 1443 1049 1271 899 1047 456 800 51 983 1084 585 498 688 1731 1890 1931 453 297 63 1988 924 797 307 686 1326 698 620 559 1829 987 886 1776 67 899 1745 878 501 670 924 1913 814 1432 1624 79 75 352 213 968 289 1679 1473 159 507 1962 0 
